MeanIW,TimeElapsed,J_sample_variance,TimestepsSoFar,EpLenMean,StdIW,EmpiricalD2,Iteration,MinIWNorm,MinIW,InitialReturnMax,ESSClassic,InitialReturnMean,Weights,ReturnMeanIW,EpRewMean,InitialBound,InitialReturnMin,EpThisIter,MeanIWNorm,EpisodesSoFar,MaxIW,InitialReturnStd,MaxIWNorm,ESSRenyi,Bound,StdIWNorm
0.9525302,3.348987102508545,6.8304,6118,61.18,0.39038926,1.2291292,1,0.002659457,0.2659457,7.9890747,85.61846,-6.3323973e-06,[ 0.74  -1.049  0.227  0.317  0.   ],0.18095437,-156.47245121225333,-0.26630884,-2.890129,100,0.009525302,100,2.823201,2.3183522,0.028232008,81.35841,-0.11428481,0.0039038926
1.2480248,8.66877818107605,1632.893,12453,63.35,3.8412602,12.8824215,2,0.00022466507,0.022466507,10.479111,9.548096,-7.171631e-06,[ 0.759 -1.054  0.213  0.306 -0.022],3.8664324,-158.67825970374045,-0.34931087,-2.845436,100,0.012480247,200,38.360023,2.3010237,0.38360023,7.7625155,2.6127086,0.038412593
1.0,13.366366624832153,7.9747586,18721,62.68,1.0869475e-06,1.0,3,0.009999966,0.9999966,10.791962,100.0,2.2888183e-07,[ 0.732 -1.113  0.214  0.233  0.041],4.4703484e-07,-157.3139573317178,-0.35973182,-3.2138214,100,0.01,300,1.0000027,2.8098056,0.010000027,100.0,-0.3597316,1.0896872e-08
3.5038385,17.0442636013031,14096.025,25077,63.56,25.225409,88.59445,4,9.078978e-05,0.009078978,8.676628,1.8928337,-5.0354006e-06,[ 0.732 -1.113  0.214  0.233  0.041],11.464697,-158.05227409626522,-0.28922597,-3.3817062,100,0.03503838,400,254.00513,2.8866537,2.5400512,1.1287389,8.742415,0.25225407
1.1657898,22.370222330093384,41.76628,30323,52.46,1.6300634,3.0577414,5,0.0004794177,0.04794177,8.704704,33.83982,-4.4250487e-06,[ 0.667 -1.05   0.251  0.184  0.084],0.8508613,-147.32560774948078,-0.29016122,-3.153038,100,0.011657898,500,12.782611,2.6105633,0.12782611,32.703876,0.34348154,0.016300635
0.92083514,26.663716077804565,7.412743,35632,53.09,0.47116423,1.2503953,6,0.0019227958,0.19227958,9.770195,79.25144,2.2125244e-06,[ 0.648 -1.079  0.236  0.128  0.127],0.17071024,-147.30142041735016,-0.32567096,-3.6387558,100,0.009208351,600,3.4946053,2.807793,0.03494605,79.97471,-0.19346103,0.0047116424
1.000008,30.67746138572693,8.821663,41854,62.22,0.0001303415,1.0,7,0.00999717,0.99971706,12.303825,100.0,-6.2561035e-06,[ 0.652 -1.074  0.214  0.111  0.106],4.503131e-05,-156.2310748221281,-0.41013378,-3.5301437,100,0.01000008,700,1.0004088,2.9551685,0.010004087,100.0,-0.4100825,1.3033995e-06
1.1760389,35.38382959365845,526.95294,48435,65.81,2.1174898,6.8296647,8,0.00064876676,0.064876676,12.235413,23.57435,-2.0599366e-06,[ 0.652 -1.074  0.214  0.111  0.106],2.7654145,-159.1185731849402,-0.40784916,-4.237648,100,0.0117603885,800,17.929893,3.5389907,0.17929894,14.642007,1.6995621,0.021174898
1.0,40.48168182373047,13.210226,54554,61.19,,1.0,9,0.01,1.0,13.762001,100.0,2.5177003e-06,[ 0.694 -1.149  0.248  0.043  0.156],2.5629997e-06,-154.6095668419851,-0.45873082,-4.037369,100,0.010000002,900,1.0,3.616369,0.01,100.0,-0.45873082,1.8626451e-09
0.99019015,44.00837707519531,65.21114,59929,53.75,0.8653854,1.9685452,10,0.0011196953,0.11196953,13.568382,56.695637,-3.1280517e-06,[ 0.694 -1.149  0.248  0.043  0.156],0.79173636,-147.65179165280654,-0.45228255,-3.8193893,100,0.0099019,1000,4.9294147,3.3305454,0.049294148,50.798935,0.15716636,0.008653854
4.09353,49.539183139801025,28499.402,66200,62.71,35.486355,80.365746,11,8.1091963e-07,8.109197e-05,13.6221695,1.313204,5.340576e-06,[ 0.67  -1.141  0.22  -0.001  0.145],15.6960335,-155.59598975091254,-0.45406705,-4.424431,100,0.040935297,1100,356.51038,3.7374547,3.5651038,1.2443112,11.625414,0.35486355
1.0103132,55.613927125930786,15.941685,72645,64.45,0.27358472,1.071765,12,0.0043133697,0.431337,14.311028,93.168144,8.850097e-06,[ 0.542 -1.247  0.225 -0.024  0.051],0.146393,-157.67435527816318,-0.47702542,-4.125305,100,0.010103132,1200,1.9236253,3.6253955,0.019236254,93.30404,-0.34746188,0.0027358474
4.352864,60.25001001358032,77641.92,79115,64.7,34.83301,465.35654,13,6.567234e-07,6.567234e-05,11.838127,1.5375825,-6.1035157e-06,[ 0.54  -1.222  0.227 -0.02   0.065],28.134354,-156.5811973148771,-0.3946104,-5.1177216,100,0.043528643,1300,350.66415,4.142365,3.5066414,0.214889,19.621902,0.3483301
11.325924,65.1567177772522,630976.5,85170,60.55,110.58283,2337.0674,14,8.797325e-10,8.7973255e-08,13.98761,1.0381014,-1.2207031e-06,[ 0.487 -1.235  0.262 -0.124  0.103],79.571686,-150.95824534823814,-0.46625495,-6.2336807,100,0.11325924,1400,1111.5967,4.7021294,11.115967,0.04278867,57.03148,1.1058284
1.6434393,71.46779036521912,6429.3154,93086,79.16,5.7266507,14.39832,15,8.058205e-05,0.008058205,25.716217,7.6091313,9.918213e-07,[ 0.515 -1.231  0.173 -0.175 -0.077],10.168722,-167.87403519051256,-0.8572063,-6.260605,100,0.016434392,1500,53.2797,5.5278697,0.532797,6.945255,6.916039,0.0572665
2.673133,78.71559000015259,79615.055,102036,89.5,17.736248,124.326614,16,2.3882025e-05,0.0023882026,22.526733,2.2210736,-4.8065185e-06,[ 0.544 -1.256  0.13  -0.173 -0.056],26.49722,-174.5021858917103,-0.7508959,-7.8361664,100,0.02673133,1600,178.59396,6.6857915,1.7859396,0.80433303,18.124645,0.17736246
0.9693742,85.12734794616699,1328.627,109955,79.19,2.5085416,8.057367,17,0.00025411812,0.025411813,17.725754,12.992611,-3.0517579e-06,[ 0.57  -1.235  0.135 -0.145  0.039],3.7951574,-165.79802001847136,-0.59086156,-7.515175,100,0.009693742,1700,22.751816,5.7386923,0.22751816,12.411002,2.117976,0.025085416
1.7037815,92.62272715568542,15215.01,120321,103.66,8.0625725,43.93924,18,6.13337e-05,0.0061333706,19.397064,4.274715,-4.272461e-06,[ 0.541 -1.231  0.114 -0.191  0.076],13.580842,-184.22130322242865,-0.64657295,-9.509819,100,0.017037814,1800,80.246086,6.6135387,0.80246085,2.27587,9.294952,0.08062572
1.0986655,100.17100524902344,1834.9541,131556,112.35,2.0818238,7.5064907,19,0.000231848,0.0231848,22.441826,21.78404,3.0517577e-07,[ 0.521 -1.204  0.092 -0.181  0.153],5.5267663,-191.14670750203615,-0.7480606,-10.682747,100,0.010986655,1900,18.249317,6.9827466,0.18249317,13.321804,3.477231,0.020818237
0.97059005,106.96955895423889,198.97049,141523,99.67,0.9713256,2.7016473,20,0.00051293266,0.05129327,18.692085,49.962116,1.8310546e-06,[ 0.539 -1.197  0.106 -0.205  0.215],2.0584745,-175.99496319907536,-0.6230676,-12.001175,100,0.0097059,2000,4.4870257,8.514204,0.044870257,37.014454,1.0343546,0.009713255
1.2301759,112.53562521934509,2242.8887,151827,103.04,2.72609,7.8291993,21,2.8540384e-05,0.0028540385,22.172935,16.918385,2.1362305e-06,[ 0.537 -1.189  0.095 -0.243  0.212],5.008443,-175.85062103647297,-0.7390958,-13.291595,100,0.012301757,2100,23.628422,8.38387,0.23628421,12.772698,2.9403949,0.027260898
16.313845,119.92991924285889,4847543.5,161768,99.41,158.60251,7987.7817,22,5.292234e-10,5.292234e-08,31.038769,1.0469398,3.2043456e-06,[ 0.546 -1.179  0.051 -0.232  0.187],219.70502,-175.38688071928382,-1.0346224,-12.401894,100,0.16313845,2200,1594.3574,8.895821,15.943574,0.01251912,127.23598,1.5860251
1.3511415,127.62630438804626,5107.0767,171704,99.36,3.4507287,14.551287,23,0.0003266821,0.03266821,21.999184,13.293298,6.027222e-06,[ 0.587 -1.117  0.052 -0.29   0.055],7.194856,-166.03258664505213,-0.73330003,-14.737648,100,0.013511415,2300,30.881702,8.681011,0.30881703,6.8722444,4.3975754,0.034507286
0.97752,134.3938627243042,1855.7162,181586,98.82,1.6568146,4.6852694,24,0.00054565584,0.054565586,27.728207,25.821499,-1.9454956e-06,[ 0.574 -1.083  0.035 -0.304  0.125],5.9010096,-162.26898736294334,-0.92427564,-17.725174,100,0.0097752,2400,14.426344,10.945165,0.14426343,21.34349,3.900375,0.016568147
1.2990983,141.6283323764801,705.7672,192109,105.23,3.554235,5.018229,25,0.00023291819,0.023291819,26.413536,11.785107,3.5858154e-06,[ 0.528 -1.035  0.006 -0.314  0.133],4.2196655,-160.20264495156397,-0.8804476,-22.532677,100,0.012990982,2500,34.68538,11.038474,0.3468538,19.92735,2.2473311,0.03554235
1.0466765,149.88546633720398,881.7129,203630,115.21,1.5013,4.424195,26,0.00055975025,0.055975024,29.163162,32.70796,4.4250487e-06,[ 0.442 -1.034  0.018 -0.321  0.113],4.7154255,-165.2277289022706,-0.97210115,-23.513504,100,0.010466764,2600,10.369879,11.315457,0.10369878,22.602983,2.6707213,0.015013
31.777672,157.3880660533905,71061820.0,215341,117.11,310.13403,2610.8408,27,9.872742e-06,0.0009872742,27.040108,1.0389856,-2.5177003e-06,[ 0.447 -1.002  0.033 -0.342  0.144],843.39325,-162.74629051395806,-0.9013394,-24.729294,100,0.3177767,2700,3117.535,10.902884,31.175348,0.038301837,797.3382,3.1013398
0.9935183,166.76360893249512,10453.458,228861,135.2,3.2399676,17.578981,28,0.00015119908,0.015119909,32.20888,8.594899,5.264282e-06,[ 0.404 -1.116  0.028 -0.359  0.24 ],11.905244,-172.70703686816967,-1.0736241,-24.911392,100,0.0099351825,2800,31.518898,12.066679,0.31518897,5.6886115,7.4038057,0.032399677
1.5380365,176.93209409713745,11383.391,245105,162.44,7.269485,23.570644,29,0.0002759085,0.027590852,25.523563,4.2845755,-1.5258789e-06,[ 0.323 -1.136  0.021 -0.392  0.267],14.765976,-178.81186504364953,-0.9159237,-27.477661,100,0.015380365,2900,70.202126,12.250002,0.70202124,4.242565,10.31921,0.07269485
1.8984866,186.95088815689087,6495.8647,262626,175.21,7.8647375,7.128703,30,0.00041202514,0.041202515,27.776306,5.5061755,-3.4332277e-07,[ 0.309 -1.141  0.004 -0.411  0.327],8.870887,-176.82524146995075,-1.0311196,-30.933578,100,0.018984865,3000,77.35354,12.264266,0.7735354,14.027797,6.117836,0.078647375
2.0263948,197.67924690246582,61143.867,282402,197.76,9.906951,36.53816,31,1.2047453e-05,0.0012047454,28.039783,4.0157633,-5.340576e-07,[ 0.234 -1.114 -0.012 -0.414  0.355],31.741896,-186.93861293281125,-1.1609209,-34.827614,100,0.020263951,3100,97.0122,12.04108,0.970122,2.7368648,24.724503,0.09906951
0.89908236,212.36543726921082,200.64893,306485,240.83,0.64789814,1.5738999,32,0.0024253265,0.24253266,26.315332,65.819984,-3.3187866e-06,[ 0.183 -1.08   0.008 -0.406  0.28 ],2.4420485,-196.68758854045484,-1.2619901,-37.859604,100,0.008990823,3200,4.8866153,12.570204,0.048866153,63.53644,0.8588209,0.006478981
1.0528424,227.27211093902588,262.5786,334304,278.19,1.5090013,3.4172394,33,0.0010477166,0.104771666,24.241262,32.7413,-6.8664554e-07,[ 0.141 -1.036  0.004 -0.389  0.279],4.6619015,-198.3968226186137,-1.1258365,-33.77507,100,0.010528423,3300,10.938383,12.293882,0.10938383,29.263388,2.5807068,0.015090013
2.611351,243.83616042137146,74413.625,367265,329.61,14.26259,78.20538,34,7.741957e-06,0.00077419577,21.947186,3.243499,-3.6621093e-06,[ 0.081 -1.016 -0.002 -0.392  0.279],30.569712,-202.58447863929666,-1.2888838,-38.666397,100,0.02611351,3400,138.20679,11.399523,1.3820678,1.2786844,19.171656,0.1426259
18.202124,257.13225388526917,4421495.5,391584,243.19,165.41171,3342.6704,35,9.526289e-09,9.526289e-07,34.8851,1.1964215,9.918213e-07,[ 0.11  -0.958 -0.029 -0.385  0.274],216.79443,-180.284506746711,-1.1752377,-35.25716,100,0.18202122,3500,1658.283,12.965028,16.582829,0.0299162,148.84703,1.6541172
2.3557656,277.09746646881104,8387.885,432999,414.15,13.967456,48.12532,36,3.8414553e-05,0.0038414556,13.940613,2.7659721,-1.9073486e-06,[ 0.057 -1.035 -0.002 -0.395  0.211],11.323361,-212.1467576423521,-0.7384238,-22.15266,100,0.023557657,3600,139.96721,8.577947,1.399672,2.0779083,6.2007494,0.13967456
1.1621048,296.6761417388916,529.91113,473060,400.61,1.9487416,5.7496367,37,9.886725e-05,0.009886725,21.902107,26.232828,-2.9754638e-06,[ 0.05  -1.02  -0.003 -0.414  0.251],4.7974825,-194.78587441909048,-0.996437,-29.893017,100,0.011621049,3700,13.608374,10.197285,0.13608374,17.392403,2.4081933,0.019487416
26.37321,315.6148111820221,10262655.0,512791,397.31,257.9984,8112.9355,38,2.8680025e-09,2.8680026e-07,29.615393,1.0341352,-1.6784668e-06,[ 0.041 -1.015 -0.016 -0.428  0.23 ],318.60995,-186.80270011283972,-1.2982966,-38.94884,100,0.2637321,3800,2593.3936,9.84478,25.933935,0.012325995,201.67017,2.5799844
0.967413,327.84381651878357,749.65137,536003,232.12,1.6588484,2.7335262,39,0.00052768533,0.052768536,28.171309,25.37887,9.155273e-07,[ 0.054 -0.985 -0.061 -0.418  0.207],5.4692564,-179.4051166874557,-1.2269249,-36.807766,100,0.009674129,3900,13.209537,12.198997,0.13209537,36.582783,3.440734,0.016588483
3.5629988,342.9982430934906,14389.509,563646,276.43,20.241968,21.186846,40,0.0001256168,0.012561681,26.618351,3.0052054,3.967285e-06,[ 0.038 -0.949 -0.049 -0.417  0.176],17.596634,-176.23427417332107,-1.3690369,-41.07122,100,0.035629988,4000,199.65213,13.442547,1.9965212,4.7199097,11.2950535,0.20241971
1.1071117,361.31657886505127,1209.6456,601194,375.48,2.7356029,7.721926,41,0.00015748518,0.015748518,22.358828,14.07355,2.2888183e-07,[ 0.011 -0.927 -0.025 -0.405  0.147],5.3530045,-173.98914960635378,-1.0562549,-31.687653,100,0.011071117,4100,19.55082,11.015621,0.1955082,12.950137,2.4178455,0.027356029
1.1456205,380.1317460536957,1903.3597,645617,444.23,3.1729417,8.915082,42,3.998619e-05,0.003998619,24.333807,11.532913,3.7574769e-06,[ 8.303e-03 -9.102e-01 -4.301e-04 -4.052e-01  1.422e-01],3.0794642,-166.8529673055093,-0.830657,-24.919819,100,0.011456203,4200,25.80453,9.609628,0.2580453,11.216947,0.5992665,0.03172941
0.9889897,399.4175202846527,113.45855,688254,426.37,1.0698436,2.1788514,43,0.0018639481,0.18639481,17.822964,46.078876,-2.4032593e-06,[ 0.003 -0.902 -0.02  -0.413  0.14 ],2.8415992,-165.71903425601573,-1.5603858,-46.8115,100,0.009889897,4300,6.28395,10.720628,0.0628395,45.89574,0.5383277,0.010698437
3.2218018,419.9956591129303,28516.12,732696,444.42,16.19944,84.99087,44,5.867088e-06,0.00058670883,23.599478,3.804963,-7.6293946e-07,[-0.002 -0.888 -0.006 -0.411  0.146],23.007742,-152.98169830848724,-0.85859424,-25.757805,100,0.032218017,4400,142.60971,9.980069,1.426097,1.176597,15.092326,0.16199438
3.9964423,441.97005128860474,267589.62,776703,440.07,31.59864,246.0008,45,1.4938882e-06,0.00014938883,33.579014,1.5744116,-2.0599366e-06,[-0.031 -0.885 -0.015 -0.437  0.142],53.08184,-137.94233113798157,-1.3389466,-40.168327,100,0.039964423,4500,317.89606,11.785692,3.1789606,0.40650275,32.081287,0.3159864
1.2270352,460.62337255477905,1605.2727,817921,412.18,3.5958781,8.791948,46,0.00022974426,0.022974426,19.360838,10.429621,1.5258789e-07,[-0.053 -0.883 -0.027 -0.466  0.153],4.5471344,-122.0598429779078,-0.9180231,-27.540703,100,0.01227035,4600,30.46387,10.83295,0.30463868,11.374043,1.825083,0.035958778
1.0729425,478.1356749534607,372.49762,856495,385.74,1.302156,3.159692,47,0.00070298725,0.070298724,28.985764,40.438366,6.1035155e-07,[-0.077 -0.864 -0.029 -0.469  0.192],3.3425825,-121.13693609253758,-1.0519613,-31.558857,100,0.010729425,4700,7.5762706,11.421739,0.075762704,31.648653,1.4726652,0.01302156
1.0848788,496.58640456199646,192.92816,897390,408.95,0.83745956,1.9874045,48,0.00081924483,0.08192448,19.317894,62.661003,2.2888183e-07,[-0.075 -0.851 -0.015 -0.474  0.167],2.389312,-114.46218743331826,-1.35684,-40.7052,100,0.0108487895,4800,5.3853817,11.0200615,0.053853817,50.316883,0.47650218,0.008374595
1.3264908,516.3682754039764,1066.8248,937421,400.31,2.4785545,7.839767,49,9.232228e-05,0.009232229,20.882763,22.265215,1.2969971e-06,[-0.101 -0.851 -0.024 -0.482  0.16 ],4.9812446,-108.32487267567842,-0.95665574,-28.699707,100,0.013264908,4900,16.595692,10.914737,0.16595691,12.755481,2.302645,0.024785547
1.5284073,533.8563282489777,9341.001,975807,383.86,5.337193,29.139938,50,7.314024e-06,0.0007314024,27.7146,7.579179,1.2207031e-06,[-0.104 -0.863 -0.021 -0.506  0.177],12.3454275,-104.45127223789419,-1.1546125,-34.638397,100,0.015284074,5000,49.524628,11.958735,0.49524626,3.4317162,6.1126614,0.053371936
1.7251406,548.9098026752472,9515.313,1009450,336.43,8.742327,30.816484,51,1.2464964e-06,0.00012464964,26.675358,3.748042,2.3651123e-06,[-0.098 -0.814 -0.014 -0.505  0.135],12.243887,-95.82132355397815,-1.0952686,-32.85812,100,0.017251408,5100,85.72931,13.302049,0.85729307,3.2450166,6.163755,0.08742326
15.607175,568.7520713806152,418382.47,1050588,411.38,141.10709,686.9553,52,3.604304e-07,3.604304e-05,18.930233,1.2085657,-7.6293946e-07,[-0.119 -0.85  -0.016 -0.494  0.12 ],64.927475,-102.82578000931538,-1.2250214,-36.750618,100,0.15607178,5200,1418.8822,11.092894,14.188822,0.14556988,32.81989,1.411071
13.983574,584.6434819698334,2802708.8,1083928,333.4,133.96387,1411.7518,53,2.3896854e-07,2.3896855e-05,31.570736,1.0778408,1.335144e-07,[-0.135 -0.83  -0.014 -0.518  0.145],164.7427,-97.46249795446214,-1.3230758,-39.69228,100,0.13983573,5300,1346.8329,13.535059,13.468328,0.07083398,115.030396,1.3396388
3.5777788,602.4217817783356,315036.0,1118379,344.51,27.71288,236.02309,54,8.9137814e-07,8.9137815e-05,20.79226,1.6393998,8.010864e-07,[-0.153 -0.856 -0.034 -0.543  0.062],56.343266,-96.77454790018484,-1.1271532,-33.81462,100,0.03577779,5400,278.47354,12.34459,2.7847354,0.42368737,39.02675,0.2771288
199.98442,617.1635663509369,302932400.0,1144751,263.72,1986.1038,97497.05,55,2.2040665e-06,0.00022040665,32.569153,1.0037082,2.861023e-07,[-0.115 -0.781 -0.033 -0.522  0.042],1738.3347,-101.60190098805383,-1.1237439,-33.712322,100,1.9998441,5500,19961.463,15.778625,199.61462,0.0010256721,1387.451,19.861036
3.3096752,633.6961181163788,137034.81,1176583,318.32,25.462227,198.80782,56,6.443969e-06,0.00064439693,28.340683,1.6615046,-5.340576e-07,[-0.099 -0.793  0.012 -0.523  0.066],33.649784,-99.27371262610951,-1.2936285,-38.808838,100,0.033096753,5600,256.3968,12.719697,2.563968,0.50299835,15.409731,0.25462228
1.7758352,648.0641891956329,29182.674,1207818,312.35,10.940339,69.980316,57,4.427817e-06,0.00044278175,25.388493,2.567138,-2.2888185e-06,[-0.107 -0.81   0.04  -0.539  0.046],17.788235,-108.7653777063102,-1.0467052,-31.401085,100,0.017758347,5700,109.695946,14.140059,1.0969595,1.4289732,9.032121,0.10940338
2.29546,664.5052225589752,137225.48,1243508,356.9,15.51608,101.176956,58,7.8075245e-05,0.0078075244,32.726692,2.1417692,-1.4495849e-06,[-0.119 -0.83   0.033 -0.524  0.083],41.70452,-104.1236504855333,-1.5090402,-45.27116,100,0.022954602,5800,155.64702,14.938664,1.5564702,0.9883674,26.525589,0.15516081
1.5894717,682.7302978038788,4379.464,1281201,376.93,4.3921647,19.8796,59,1.8252404e-05,0.0018252403,20.265535,11.579768,-3.4713746e-06,[-0.154 -0.838  0.035 -0.526  0.144],9.531466,-99.64747174694105,-1.134028,-34.020744,100,0.015894718,5900,31.618067,11.447567,0.31618065,5.030282,4.47524,0.04392165
0.97056603,698.3378291130066,987.1976,1316733,355.32,1.5280541,3.2547326,60,0.0001582613,0.01582613,25.942127,28.746218,-1.2969971e-06,[-0.151 -0.826  0.013 -0.527  0.124],2.7913165,-100.34903660774748,-1.2813064,-38.439148,100,0.00970566,6000,13.51623,12.500877,0.1351623,30.72449,0.4797299,0.015280539
1.1782919,713.5050451755524,3014.849,1348515,317.82,3.166537,9.34474,61,0.00011280322,0.011280322,28.785475,12.162346,1.9073486e-06,[-0.159 -0.808  0.03  -0.523  0.109],6.6956515,-108.45645971272118,-1.2457335,-37.372066,100,0.011782919,6100,29.515226,14.217835,0.29515225,10.701207,2.8875413,0.031665366
1.9746807,731.8714113235474,8585.746,1388973,404.58,9.204271,31.226606,62,9.580815e-06,0.00095808145,26.071148,4.400195,1.2207031e-06,[-0.181 -0.845  0.037 -0.523  0.102],13.961316,-99.87984465835551,-1.2436993,-37.311005,100,0.019746806,6200,69.950676,11.790592,0.69950676,3.2023973,7.0114236,0.09204271
2.3247473,749.7589194774628,23575.213,1427398,384.25,11.992356,44.309715,63,1.6179594e-06,0.00016179594,26.720488,3.6217732,7.6293946e-07,[-0.181 -0.816  0.018 -0.511  0.065],15.190384,-94.06474950754891,-1.0733783,-32.20137,100,0.023247475,6300,117.80116,12.660893,1.1780117,2.2568414,8.045378,0.11992358
1.2328238,765.4552495479584,1553.2974,1462520,351.22,2.9134724,4.7198,64,5.842897e-05,0.005842897,27.4209,15.186127,3.2043456e-06,[-0.189 -0.824 -0.005 -0.527  0.049],5.435677,-96.57722456988853,-1.2911162,-38.73358,100,0.012328238,6400,24.373524,12.134934,0.24373524,21.187338,2.630707,0.029134724
1.836568,782.8798775672913,7547.39,1497579,350.59,6.4034333,18.235674,65,2.2863018e-05,0.002286302,28.146486,7.600755,5.340576e-07,[-0.165 -0.823  0.001 -0.539  0.014],9.58522,-93.55101463445968,-0.99516803,-29.855051,100,0.01836568,6500,53.63629,12.189278,0.5363629,5.4837565,5.335528,0.06403433
1.1211636,800.5916955471039,223.38855,1536523,389.44,1.1282098,2.270487,66,0.00083797943,0.08379795,31.13102,49.68675,1.8310546e-06,[-0.201 -0.874 -0.004 -0.552 -0.001],1.9703887,-95.98792163788954,-1.1594515,-34.7836,100,0.011211635,6600,6.771921,11.170264,0.06771921,44.04341,0.22330856,0.011282099
1.1760918,818.0869479179382,6037.92,1573621,370.98,4.180012,15.794529,67,2.5901352e-05,0.0025901352,29.153614,7.3356724,3.1661987e-06,[-0.172 -0.902 -0.013 -0.566  0.002],6.8029413,-99.29687335427974,-1.2264878,-36.794724,100,0.0117609175,6700,41.103836,12.37423,0.41103834,6.3313065,1.9285812,0.04180012
3.7289395,836.3567311763763,632385.56,1609387,357.66,33.936012,419.25925,68,4.5883926e-08,4.5883926e-06,37.29757,1.1929902,6.1035155e-07,[-0.177 -0.885 -0.032 -0.567 -0.009],78.56227,-94.17345043252642,-1.2432516,-32.693497,100,0.037289396,6800,341.33594,12.973248,3.4133594,0.23851591,53.10566,0.3393601
1.0116042,854.6964552402496,234.03625,1646639,372.52,0.5737819,1.3990976,69,0.001957238,0.1957238,26.695757,75.659225,2.861023e-07,[-0.174 -0.88  -0.048 -0.552 -0.079],1.5924611,-96.28151131022123,-1.4207164,-42.6215,100,0.010116042,6900,3.3919816,12.89191,0.033919815,71.47465,-0.08801162,0.0057378197
1.6168233,874.3174567222595,14401.811,1686708,400.69,6.337517,44.51708,70,3.6268837e-05,0.003626884,24.79637,6.110857,-1.6784668e-06,[-0.191 -0.879 -0.05  -0.556 -0.072],13.288876,-87.03258753821969,-0.87107635,-26.13224,100,0.016168231,7000,56.649025,9.400598,0.56649023,2.2463288,7.4769673,0.063375175
1.3148503,894.0805606842041,629.6693,1727926,412.18,2.3744142,4.1752324,71,0.00027692277,0.027692277,22.151266,23.468271,9.155273e-07,[-0.194 -0.905 -0.068 -0.551 -0.058],4.119106,-94.9875789644725,-1.4828643,-44.485954,100,0.013148503,7100,19.094393,11.75173,0.19094393,23.950762,1.0891104,0.023744142
1.0014353,911.6181991100311,104.56165,1764686,367.6,0.16509154,1.0315788,72,0.0071953186,0.7195319,21.949736,97.35419,-1.1444092e-06,[-0.19  -0.924 -0.083 -0.56  -0.067],0.0627175,-105.15364001380014,-0.83029366,-24.908772,100,0.010014352,7200,1.5152898,10.286717,0.015152898,96.93879,-0.78058285,0.0016509154
1.0558736,926.4515361785889,174.23984,1800752,360.66,0.8464773,1.6762314,73,0.00093659386,0.093659386,21.995527,60.875477,2.2888183e-07,[-0.19  -0.924 -0.081 -0.559 -0.067],0.77329284,-105.5683932621466,-0.8535733,-25.60721,100,0.010558734,7300,5.6165395,9.774089,0.056165393,59.657635,-0.33182353,0.008464773
1.1083839,943.0728914737701,343.143,1837312,365.6,1.9008241,2.3760684,74,0.00097339373,0.09733938,22.809404,25.373898,-3.0517577e-07,[-0.192 -0.933 -0.085 -0.572 -0.068],2.3779204,-103.56133323478085,-1.2390468,-37.171387,100,0.0110838385,7400,13.112469,12.722799,0.13112469,42.08633,0.46799242,0.019008242
1.5822986,962.1622095108032,1525.7882,1876835,395.23,3.8869135,5.6259217,75,0.00020297892,0.020297892,24.991076,14.215891,6.198883e-07,[-0.189 -0.917 -0.07  -0.562 -0.063],6.369598,-94.83713837326067,-1.3808465,-41.425415,100,0.015822984,7500,27.513676,12.534085,0.27513674,17.774864,3.0943627,0.03886913
69.02931,977.6256358623505,63260196.0,1913749,369.14,682.34827,2781.3604,76,1.5235959e-07,1.5235959e-05,38.080414,1.0130545,2.5939942e-06,[-0.174 -0.897 -0.048 -0.559 -0.058],796.16895,-97.98372863611561,-1.2693446,-34.445766,100,0.69029313,7600,6858.28,11.65232,68.582794,0.03595363,729.22534,6.8234825
1.0756625,994.8118631839752,349.95975,1948629,348.8,1.2252325,2.2935126,77,0.0007197483,0.07197484,26.574625,43.526836,-1.1444092e-06,[-0.124 -0.83  -0.015 -0.533 -0.12 ],3.19599,-92.33455551786236,-1.3476881,-40.43061,100,0.010756625,7700,7.503803,12.620247,0.07503802,43.601242,1.1550059,0.012252323
1.0660259,1012.0455324649811,299.64325,1988592,399.63,0.9465158,1.9189676,78,0.00080603897,0.0806039,36.31743,55.917393,2.0217894e-06,[-0.132 -0.829 -0.013 -0.532 -0.153],1.5165772,-89.12058750198817,-1.3442782,-40.328403,100,0.010660258,7800,5.127492,12.174886,0.051274918,52.111355,-0.3456111,0.009465158
0.99824506,1029.08016371727,1160.5651,2026709,381.17,1.8504635,4.7019944,79,0.00028192363,0.028192364,26.881538,22.541481,5.340576e-07,[-0.137 -0.839 -0.021 -0.542 -0.143],3.6158185,-92.5900662728021,-1.23577,-37.073112,100,0.009982453,7900,15.481134,11.938214,0.15481134,21.26757,0.9361634,0.018504634
14.038782,1046.9798793792725,13131892.0,2063349,366.4,130.94748,5466.334,80,9.1947314e-08,9.194731e-06,37.665436,1.1363214,-9.155273e-07,[-0.13  -0.846 -0.034 -0.553 -0.14 ],366.95874,-88.9450352796553,-1.2555152,-37.56594,100,0.14038783,8000,1316.6351,12.2167635,13.166351,0.018293796,274.1327,1.3094748
5.703689,1064.941162109375,205754.1,2094854,315.05,45.641254,610.8967,81,3.9743574e-07,3.9743576e-05,30.380215,1.537682,4.5776366e-07,[-0.121 -0.858 -0.026 -0.587 -0.091],53.526714,-86.71618854685781,-1.2106113,-36.318344,100,0.05703688,8100,456.71832,14.701168,4.567183,0.16369379,23.604847,0.45641252
3.25522,1084.0960845947266,210993.17,2135321,404.67,21.727661,250.73332,82,4.561317e-06,0.0004561317,21.486076,2.195303,1.3732911e-06,[-0.172 -0.887 -0.025 -0.579 -0.132],49.372192,-89.55499746763957,-1.179531,-35.38597,100,0.0325522,8200,213.48679,10.377685,2.134868,0.39883012,30.694817,0.2172766
7.0447164,1101.7440736293793,291672.6,2168087,327.66,64.28466,326.884,83,4.7094736e-06,0.00047094736,43.821022,1.1866641,-4.196167e-07,[-0.134 -0.867 -0.039 -0.576 -0.122],54.068924,-89.95124234028675,-1.4607015,-29.951416,100,0.07044716,8300,646.57935,12.9748,6.465793,0.3059189,27.659552,0.64284664
1.584998,1117.6080265045166,33271.52,2199376,312.89,7.6203103,23.445053,84,2.9902609e-05,0.002990261,25.426964,4.1468525,-4.5776366e-07,[-0.136 -0.849 -0.011 -0.58  -0.111],17.106133,-84.04856819793928,-1.2220762,-36.66227,100,0.015849981,8400,76.382706,15.534809,0.763827,4.265292,11.18883,0.07620309
2.0399275,1131.3938734531403,16050.595,2227390,280.14,9.339762,15.679949,85,3.240811e-05,0.003240811,30.000996,4.553225,4.53949e-06,[-0.136 -0.834 -0.003 -0.588 -0.156],13.651801,-94.06325867741252,-1.1740265,-35.220924,100,0.020399274,8500,91.888504,15.968982,0.918885,6.377572,9.002884,0.09339762
1.853061,1147.8220360279083,10761.371,2261984,345.94,6.219011,5.6109266,86,0.00015435564,0.015435564,19.624931,8.154453,-2.670288e-06,[-0.123 -0.876 -0.019 -0.601 -0.136],9.712086,-84.58579344331604,-1.3255163,-39.76542,100,0.018530607,8600,60.400013,13.955475,0.6040001,17.822369,6.5722885,0.062190104
13.536542,1163.4958379268646,3359947.0,2294660,326.76,126.5517,1561.696,87,1.4944604e-07,1.4944604e-05,23.173735,1.1311988,3.0517577e-07,[-0.088 -0.858 -0.017 -0.585 -0.133],185.63324,-88.53326301917566,-1.341514,-40.24543,100,0.13536543,8700,1272.0009,14.820721,12.720008,0.06403295,132.61887,1.2655169
1.2071848,1179.408284664154,2034.3636,2327525,328.65,3.8296983,8.7339945,88,7.2000024e-05,0.0072000027,23.831387,9.038117,-7.6293946e-07,[-0.029 -0.81  -0.013 -0.548 -0.14 ],4.480446,-90.55058998306711,-1.2670822,-38.012436,100,0.012071848,8800,36.870117,13.482795,0.36870116,11.449515,0.7357986,0.038296975
1.2422407,1196.2074341773987,513.3399,2363277,357.52,2.0584223,4.0530815,89,0.00017151191,0.017151192,26.628551,26.697079,1.5258789e-06,[-0.031 -0.815 -0.016 -0.531 -0.15 ],2.4589412,-91.84728884013423,-1.2275612,-36.82688,100,0.012422407,8900,14.606962,12.754592,0.14606962,24.672585,-0.012420893,0.020584224
3.4628646,1212.334377527237,178733.17,2397598,343.21,21.857878,282.4742,90,1.0909963e-06,0.00010909963,24.509583,2.4484386,-4.5776366e-07,[-0.04  -0.811 -0.005 -0.537 -0.156],45.57147,-90.44405433780173,-1.4398832,-43.196487,100,0.034628652,9000,213.4364,12.930959,2.134364,0.3540146,21.371399,0.21857876
1.1486746,1225.6555938720703,485.7112,2424334,267.36,2.4269738,3.0908496,91,0.00048563106,0.048563108,29.267267,18.3012,3.0517577e-07,[-0.028 -0.804 -0.025 -0.55  -0.179],4.250744,-106.66508595447996,-1.4583013,-43.749046,100,0.011486746,9100,22.31929,14.443517,0.2231929,32.353565,1.6869311,0.02426974
4.7036467,1241.8645832538605,70005.78,2454734,304.0,25.766552,49.52954,92,3.084364e-05,0.003084364,26.713617,3.224931,1.5258789e-07,[-0.045 -0.805 -0.017 -0.555 -0.188],29.35118,-91.76235682761791,-1.2012819,-36.03846,100,0.047036473,9200,223.21649,16.704687,2.2321649,2.0189972,20.896889,0.25766551
14.122031,1256.9765055179596,114005.555,2490206,354.72,133.77457,289.91736,93,9.2075203e-07,9.2075206e-05,28.634607,1.1021333,1.3732911e-06,[-0.029 -0.796 -0.004 -0.532 -0.177],35.485752,-85.38309339983692,-1.3400713,-40.202187,100,0.14122029,9300,1344.9216,13.304961,13.449216,0.34492588,12.668385,1.3377458
1.1746566,1274.6994533538818,241.48329,2529416,392.1,1.6858552,2.104743,94,0.0004386676,0.04386676,20.847546,32.682194,2.670288e-07,[-0.052 -0.84  -0.006 -0.532 -0.174],1.4347126,-87.73110419761521,-1.0543226,-31.629683,100,0.011746567,9400,14.997633,10.798286,0.14997633,47.511738,-0.09487057,0.016858554
1.0436671,1291.7721133232117,160.86037,2570922,415.06,0.62846565,1.3115225,95,0.002847313,0.2847313,25.923584,73.3886,-8.201599e-07,[-5.555e-02 -8.266e-01 -1.619e-04 -5.310e-01 -1.950e-01],0.58286905,-91.19303671606997,-1.1189343,-33.568,100,0.010436671,9500,3.6466777,11.041113,0.036466777,76.24726,-0.69855285,0.0062846565
1.0449048,1309.682166814804,254.3393,2612072,411.5,0.7752927,1.6761124,96,0.0012450662,0.124506615,19.215714,64.49425,-1.1825562e-06,[-0.046 -0.817  0.002 -0.524 -0.189],0.8084709,-85.68210551743097,-1.3748255,-41.244728,100,0.010449047,9600,4.0716815,11.433773,0.040716816,59.66187,-0.97144204,0.007752927
0.9862723,1326.4249510765076,133.63646,2649901,378.29,0.54322684,1.4180986,97,0.001073409,0.1073409,19.963276,76.72434,6.8664554e-07,[-0.043 -0.813  0.004 -0.53  -0.183],0.97339123,-95.84417109999126,-0.9109355,-27.328077,100,0.009862722,9700,3.144611,10.267384,0.031446107,70.51696,-0.11138719,0.0054322686
1.806541,1341.4204106330872,30849.594,2685740,358.39,8.743764,34.077003,98,2.2900007e-05,0.0022900007,23.755522,4.093971,1.5258789e-07,[-0.058 -0.791  0.009 -0.519 -0.184],20.452932,-93.79988997640223,-1.3810523,-41.431557,100,0.01806541,9800,87.04796,14.644839,0.8704796,2.9345303,12.390971,0.087437645
631.94147,1359.9409084320068,3130478600.0,2717586,318.46,6268.6963,34958.094,99,1.7746606e-06,0.00017746606,21.291533,1.0060233,9.918213e-07,[-0.055 -0.772 -0.001 -0.523 -0.21 ],5620.5103,-89.91079644955815,-1.2224789,-36.674385,100,6.319415,9900,63004.504,12.698161,630.04504,0.0028605678,5391.9424,62.68697
1.220296,1376.7844712734222,1901.369,2753293,357.07,2.0634348,5.369602,100,7.517885e-05,0.0075178845,24.300762,25.911814,5.1498414e-06,[-0.02  -0.738  0.012 -0.481 -0.201],6.418809,-100.36165303668966,-1.5637896,-46.913826,100,0.012202961,10000,15.394194,13.140485,0.15394193,18.623354,2.7951221,0.020634346
2.7121918,1392.2046880722046,65129.27,2784179,308.86,19.035498,100.32084,101,8.568e-07,8.568e-05,26.950974,1.9896835,3.3950805e-06,[-0.036 -0.723  0.009 -0.486 -0.19 ],24.55786,-97.87927749498756,-1.4355394,-43.06629,100,0.027121916,10100,191.56024,14.083429,1.9156023,0.99680185,10.179419,0.19035499
1.6502216,1407.8262915611267,13868.215,2811391,272.12,6.1700745,16.682032,102,5.2419513e-05,0.0052419514,35.907394,6.675723,6.8664554e-07,[-0.04  -0.704  0.003 -0.497 -0.217],12.96476,-86.71656553530867,-1.5772572,-47.317734,100,0.016502216,10200,60.752525,17.07949,0.6075252,5.994474,6.5226645,0.061700743
0.92396826,1421.9253888130188,260.99237,2836917,255.26,0.5684197,1.4819199,103,0.002201649,0.2201649,29.23703,72.54454,7.6293944e-08,[-0.033 -0.717  0.017 -0.518 -0.212],1.8941524,-92.53515994991216,-1.3810306,-41.430923,100,0.009239682,10300,3.1710353,17.098913,0.031710353,67.480034,0.21296656,0.005684197
0.9898163,1435.7837812900543,6455.469,2863765,268.48,3.3587987,10.126433,104,1.5973454e-05,0.0015973455,33.4556,7.9905,-2.5939942e-06,[-0.034 -0.723  0.008 -0.519 -0.217],8.198632,-90.32658394507918,-1.152249,-34.56739,100,0.009898162,10400,32.19551,15.599713,0.3219551,9.875145,4.531947,0.033587985
1.4441578,1450.1270756721497,4073.2146,2894248,304.83,3.8531249,5.6953077,105,4.1462856e-05,0.004146286,24.519245,12.317338,2.7465821e-06,[-0.038 -0.728  0.007 -0.504 -0.245],10.772835,-90.49543952568636,-1.1760645,-35.282013,100,0.014441579,10500,30.74497,13.928189,0.3074497,17.558313,7.966169,0.038531248
1.1781663,1467.1179654598236,1299.6154,2929255,350.07,1.6804674,2.8020327,106,0.0003343076,0.033430763,25.036211,32.9549,-1.8310546e-06,[-0.044 -0.752  0.003 -0.512 -0.287],4.346461,-81.22623283773031,-1.201935,-36.058,100,0.011781662,10600,12.29556,13.559627,0.1229556,35.688377,2.3345118,0.016804675
1.0227189,1482.1508207321167,249.38037,2960449,311.94,0.22906843,1.0648972,107,0.0050473544,0.50473547,25.484299,95.22295,1.6403199e-06,[-0.059 -0.717  0.007 -0.5   -0.285],0.2351962,-87.4008297298749,-1.2934499,-38.80355,100,0.010227189,10700,1.6332499,14.812774,0.016332498,93.90578,-1.0995665,0.0022906843
1.3149086,1497.6894311904907,7371.2227,2993599,331.5,5.2643714,15.501465,108,2.1539521e-05,0.0021539521,21.85083,5.872392,-1.5640259e-06,[-0.065 -0.721  0.004 -0.501 -0.286],8.798776,-91.65791493726724,-1.1744167,-35.23245,100,0.013149087,10800,50.22245,13.232459,0.5022245,6.451003,4.174881,0.052643713
2.6418335,1513.2048094272614,125646.336,3027956,343.57,15.435905,71.76047,109,2.192373e-06,0.00021923729,32.78968,2.8458247,-3.8146973e-07,[-0.059 -0.747  0.016 -0.523 -0.305],40.516205,-84.57218997029118,-1.3539168,-40.617493,100,0.026418334,10900,146.29565,13.91365,1.4629565,1.3935249,29.046968,0.15435906
1.7109314,1529.8919775485992,5429.455,3065507,375.51,4.6853137,14.256606,110,2.0620899e-05,0.00206209,39.174984,11.765879,-8.010864e-07,[-0.056 -0.731  0.008 -0.496 -0.318],10.969443,-84.54581335893248,-1.3058337,-34.220955,100,0.017109316,11000,30.532196,12.662807,0.30532196,7.0142922,6.0388904,0.046853136
35.348087,1545.2389042377472,21349482.0,3099514,340.07,330.351,15515.715,111,2.2617084e-07,2.2617085e-05,27.999607,1.1319736,-6.4849854e-07,[-0.06  -0.722  0.022 -0.498 -0.346],500.94778,-94.96331828890366,-1.294163,-38.824867,100,0.35348088,11100,3318.6335,12.759566,33.186337,0.0064450786,339.74423,3.3035104
4.671247,1559.7122282981873,56509.914,3129662,301.48,39.27035,98.55909,112,3.1023606e-07,3.1023606e-05,31.978203,1.3951921,-7.6293944e-08,[-0.051 -0.712  0.009 -0.518 -0.348],27.488922,-85.91109869824412,-1.253382,-37.601448,100,0.04671246,11200,395.18005,15.092006,3.9518003,1.0146197,15.045734,0.39270356
1.1094741,1574.9039754867554,595.7966,3162742,330.8,1.5226735,2.9957595,113,0.00078397646,0.07839765,25.729866,34.67937,2.2888185e-06,[-0.052 -0.722  0.01  -0.511 -0.413],2.719375,-88.96413930825291,-1.2898856,-38.696648,100,0.0110947415,11300,12.620954,14.119883,0.12620953,33.380516,0.48680234,0.015226734
1.1787938,1592.3134579658508,826.1252,3201615,388.73,1.8907562,5.255786,114,9.8802164e-05,0.009880217,19.459646,27.989746,1.9836425e-06,[-0.058 -0.722  0.008 -0.501 -0.417],4.3039703,-82.34989274623163,-1.2274201,-36.82267,100,0.011787938,11400,11.036255,10.614613,0.110362545,19.02665,1.4900429,0.018907562
1.9627155,1611.6883788108826,3729.6726,3241569,399.54,6.2874813,12.08105,115,5.8407157e-05,0.005840716,27.188614,8.8792925,-1.2969971e-06,[-0.054 -0.712  0.012 -0.485 -0.433],9.306661,-80.91513248491364,-1.3193692,-39.58104,100,0.019627154,11500,43.816082,12.718696,0.4381608,8.277427,4.720827,0.06287482
0.9547693,1627.4341015815735,135.03336,3278036,364.67,0.43631458,1.2391719,116,0.0037698157,0.3769816,30.114286,82.724304,-2.8991699e-06,[-0.064 -0.677  0.011 -0.475 -0.453],0.69196606,-75.84308152726322,-1.4383749,-43.151154,100,0.009547693,11600,3.3774142,13.198294,0.03377414,80.69906,-0.9092021,0.0043631457
0.90690154,1643.4975504875183,110.5135,3317367,393.31,0.5728656,1.5016614,117,0.0008630138,0.08630138,18.437977,71.47905,2.670288e-07,[-0.063 -0.672  0.009 -0.469 -0.458],1.1676627,-74.11854645309461,-1.1288135,-33.86441,100,0.009069015,11700,3.8461297,10.874325,0.038461294,66.59291,-0.21561146,0.0057286555
1.4544818,1658.9034156799316,972.0315,3352743,353.76,2.7845683,4.8488455,118,0.00028335713,0.028335715,19.122105,21.435255,-2.002716e-07,[-0.056 -0.684  0.005 -0.479 -0.471],3.2972732,-76.85480989349989,-1.3861349,-41.584038,100,0.014544819,11800,21.161331,13.322709,0.21161331,20.623466,0.24499178,0.02784568
1.1067281,1674.741546869278,178.45029,3389958,372.15,0.75586486,1.4953645,119,0.002022383,0.2022383,26.252205,68.191826,1.9359588e-06,[-0.06  -0.689 -0.004 -0.487 -0.456],1.4480464,-75.64663340423968,-1.4973077,-44.91929,100,0.011067281,11900,4.018194,13.702488,0.040181942,66.87333,-0.38294005,0.0075586485
1.278012,1691.0185248851776,1051.5305,3427749,377.91,3.2951677,4.396434,120,0.00028185226,0.028185226,25.12378,13.075467,,[-0.068 -0.692 -0.006 -0.483 -0.463],4.226919,-73.11526166976424,-1.2786852,-38.36055,100,0.012780121,12000,27.76966,12.0385275,0.2776966,22.745708,1.545814,0.032951675
1.0288112,1707.5933854579926,320.9287,3465410,376.61,0.8184509,1.9379491,121,0.00041094547,0.04109455,22.080805,61.241898,-3.8146973e-07,[-0.053 -0.686  0.006 -0.483 -0.469],1.8851097,-73.39308601352576,-1.3434554,-40.30365,100,0.010288112,12100,4.0995817,11.466883,0.040995818,51.600945,0.014882803,0.008184508
3.067563,1722.7454195022583,157796.42,3499615,342.05,19.950178,503.64774,122,7.748335e-07,7.748335e-05,22.179882,2.3096454,6.389618e-07,[-0.057 -0.685  0.007 -0.489 -0.483],40.062195,-78.04200998730319,-1.2910746,-38.732254,100,0.030675635,12200,198.02948,13.572983,1.9802947,0.19855148,11.087759,0.19950174
1.0415294,1737.6619503498077,1063.0475,3530036,304.21,1.9834785,4.8386154,123,0.000115742994,0.0115743,32.286915,21.613665,-1.7547608e-06,[-0.077 -0.698 -0.005 -0.508 -0.51 ],4.497128,-82.80672542868824,-1.2812465,-38.43734,100,0.010415294,12300,12.632887,16.618092,0.12632887,20.667068,1.6787927,0.019834785
1.2837744,1752.7713634967804,1006.92834,3564076,340.4,2.2308807,3.4610224,124,0.00046230687,0.04623069,24.716078,24.876982,1.6212464e-06,[-0.049 -0.7   -0.007 -0.505 -0.503],4.7651525,-74.26889873901892,-1.389238,-41.677185,100,0.012837743,12400,13.613684,13.789936,0.13613683,28.893196,2.1806357,0.022308806
11.80723,1765.6094615459442,4446418.5,3594247,301.71,108.62907,1310.6932,125,1.1895718e-06,0.00011895718,28.980682,1.1676244,1.7547608e-06,[-3.994e-02 -7.057e-01  5.808e-04 -5.086e-01 -5.326e-01],214.61348,-83.0716502889809,-1.5744597,-47.233833,100,0.11807229,12500,1091.9485,15.689116,10.919485,0.0762955,157.61249,1.0862908
0.99588084,1785.3875062465668,119.96763,3636429,421.82,0.16918778,1.0283619,126,0.005381808,0.5381808,22.6021,97.194786,-1.9073486e-08,[-0.076 -0.705 -0.002 -0.486 -0.56 ],0.05109793,-69.06157036247757,-1.1978741,-35.936214,100,0.009958808,12600,1.5547088,10.885025,0.015547088,97.24203,-1.1636441,0.0016918777
1.4221202,1803.2424838542938,22703.371,3679519,430.9,5.749743,47.000557,127,2.5133653e-05,0.0025133654,30.274103,5.7648587,-1.4305115e-06,[-0.076 -0.706 -0.002 -0.485 -0.56 ],15.742522,-69.15356634871677,-1.0091382,-30.092415,100,0.0142212035,12700,54.6839,10.469768,0.546839,2.1276343,8.824188,0.05749743
1.0278058,1822.8219385147095,3386.1155,3719646,401.27,2.47225,7.9405937,128,2.7936152e-05,0.0027936152,32.453094,14.736679,-2.670288e-07,[-0.06  -0.688 -0.007 -0.486 -0.557],4.8320827,-69.65873929051098,-1.3052243,-39.156723,100,0.010278057,12800,21.528496,13.253999,0.21528496,12.593516,1.154084,0.0247225
1.0847281,1838.4456779956818,944.0079,3757627,379.81,1.9189911,4.479993,129,0.00019829444,0.019829445,21.875046,24.214777,7.2479247e-07,[-0.07  -0.687  0.001 -0.49  -0.556],3.277813,-77.29269869819191,-1.2686753,-38.06028,100,0.01084728,12900,15.184482,12.642885,0.15184481,22.321465,0.5925338,0.019189911
1.8448504,1853.440490245819,17689.809,3791185,335.58,7.8851767,28.637806,130,2.569562e-05,0.002569562,27.886189,5.1898446,-2.861023e-06,[-0.089 -0.686  0.005 -0.494 -0.569],14.6687355,-83.08241543598328,-1.3060021,-39.17998,100,0.018448504,13000,65.72818,13.110569,0.65728176,3.4918876,7.679771,0.07885175
1.0726634,1869.4669303894043,320.79706,3825643,344.58,0.8435601,1.6833133,131,0.0007906823,0.07906823,21.344257,61.78749,-1.2588501e-06,[-0.081 -0.671 -0.005 -0.483 -0.562],1.9542757,-78.32139521971861,-1.2976191,-38.928528,100,0.0107266335,13100,5.074537,14.463196,0.050745368,59.40665,0.27071345,0.0084356
1.6047746,1885.644939661026,7325.356,3862753,371.1,6.5116024,26.659092,132,2.2387701e-05,0.0022387702,20.30566,5.7259126,-3.8146973e-07,[-0.084 -0.687 -0.005 -0.489 -0.565],11.663093,-72.68312952990436,-1.0946889,-32.840652,100,0.016047748,13200,54.154037,12.084636,0.5415404,3.7510655,6.0109487,0.065116026
0.90377045,1901.9148623943329,269.06,3899452,366.99,1.1221738,2.3581119,133,0.00060293364,0.060293365,24.190428,39.34352,-2.670288e-07,[-0.048 -0.674 -0.003 -0.482 -0.595],1.7233173,-69.65509294101992,-1.36079,-40.823692,100,0.009037704,13300,7.4425645,13.288013,0.074425645,42.40681,-0.36633122,0.011221738
1.0143892,1920.5268030166626,136.00526,3941060,416.08,0.34831026,1.1519426,134,0.0040013706,0.40013707,24.957672,89.453224,-2.2888183e-07,[-4.448e-02 -6.778e-01  2.440e-04 -4.783e-01 -6.002e-01],0.36667502,-68.24916546372282,-1.4455944,-43.367825,100,0.010143892,13400,1.9766853,11.414255,0.019766852,86.80988,-1.1848608,0.0034831027
0.9252867,1937.665910243988,152.42535,3981437,403.77,0.3797903,1.2042654,135,0.0030284554,0.30284554,26.080568,85.58165,-5.340576e-07,[-0.044 -0.677  0.003 -0.48  -0.6  ],0.66051847,-69.18315688138195,-1.360691,-40.82071,100,0.009252865,13500,2.1134224,11.369956,0.021134224,83.03818,-0.8326898,0.003797903
4.6432443,1954.4864389896393,478432.12,4018187,367.5,41.37784,400.71704,136,2.6562887e-07,2.6562888e-05,22.145956,1.2435775,1.1062622e-06,[-0.05  -0.668  0.001 -0.474 -0.594],67.6451,-74.43694063145489,-1.1629148,-34.887478,100,0.046432447,13600,416.22864,13.261544,4.1622863,0.24955265,44.365948,0.4137783
1.0222048,1972.9829244613647,253.53737,4057915,397.28,0.7594361,1.5188593,137,0.0014608151,0.1460815,23.082796,64.43469,1.7547608e-06,[-0.052 -0.664  0.016 -0.461 -0.618],1.0914596,-84.96737707142263,-1.2516243,-37.54877,100,0.010222047,13700,5.501073,11.716874,0.05501073,65.83888,-0.451069,0.0075943605
15.879041,1991.2275602817535,2830568.5,4099898,419.83,139.6012,1857.9934,138,9.928004e-08,9.928004e-06,18.93518,1.2772838,-3.8146973e-07,[-0.053 -0.66   0.018 -0.464 -0.626],182.21172,-78.69098233441233,-1.0989677,-32.969017,100,0.1587904,13800,1401.7125,9.300967,14.017125,0.053821504,134.84134,1.3960117
4.8027663,2006.8871581554413,69508.195,4131318,314.2,28.255808,111.443504,139,2.0501071e-05,0.002050107,24.115353,2.8080063,-2.2888185e-06,[-0.046 -0.637  0.023 -0.464 -0.577],29.46917,-87.26707206600076,-1.2096704,-36.290043,100,0.048027672,13900,278.0744,14.869887,2.7807438,0.8973156,16.69909,0.28255802
1.2553341,2023.7407431602478,5082.0103,4167855,365.37,4.526462,10.512714,140,0.00018753964,0.018753964,26.97568,7.1420074,-2.2888185e-06,[-0.055 -0.652  0.02  -0.457 -0.553],7.8047056,-93.51810005548157,-1.3158283,-39.474777,100,0.01255334,14000,42.92182,12.445436,0.4292182,9.512291,3.5383615,0.045264617
4.78517,2042.6279764175415,271187.38,4209159,413.04,43.64534,102.2726,141,3.7077814e-05,0.0037077817,23.064648,1.1877629,1.0681152e-06,[-0.046 -0.656  0.009 -0.455 -0.544],52.126072,-73.74909728008095,-1.3887078,-41.661263,100,0.047851704,14100,438.96335,11.772851,4.389633,0.97777903,38.082073,0.4364533
1.0860686,2061.5715131759644,233.67711,4249432,402.73,1.2636911,2.4738376,142,0.00083791575,0.08379158,18.806435,42.483776,8.010864e-07,[-0.029 -0.682 -0.008 -0.468 -0.542],1.7214983,-80.1861322448303,-1.1163464,-33.49041,100,0.010860684,14200,8.846004,9.857326,0.088460036,40.423023,-0.034341335,0.012636909
1.2905936,2079.4874544143677,1892.4299,4290557,411.25,2.6582422,6.469834,143,2.235362e-05,0.002235362,40.00141,19.075285,2.822876e-06,[-0.024 -0.68  -0.009 -0.459 -0.545],5.7042465,-74.907341113511,-1.3333777,-33.10986,100,0.012905934,14300,17.976498,10.334011,0.17976497,15.456347,2.3126776,0.026582424
1.0633261,2095.0672240257263,116.37867,4328914,383.57,0.75167364,1.3502655,144,0.0024088148,0.24088149,22.687057,66.67915,9.727478e-07,[-0.034 -0.68  -0.018 -0.466 -0.551],0.7254618,-85.6730331915641,-1.1860383,-35.58117,100,0.010633261,14400,4.5786633,10.89521,0.045786634,74.05951,-0.6527265,0.0075167366
1.1142986,2112.8804666996,203.8684,4369109,401.95,1.3558736,2.303372,145,0.0010515581,0.1051558,17.56227,40.312958,2.2888183e-07,[-0.028 -0.674 -0.013 -0.461 -0.556],1.5443776,-77.65476193339106,-1.1783679,-35.35104,100,0.011142983,14500,9.892297,10.961211,0.09892297,43.41461,-0.24401546,0.013558735
1.3644934,2129.9904460906982,1564.7316,4410467,413.58,3.331359,7.901155,146,0.0001433745,0.014337451,22.678387,14.366295,9.536743e-07,[-0.025 -0.679 -0.006 -0.465 -0.553],5.7845306,-74.2463979231003,-1.1722934,-35.16883,100,0.013644934,14600,24.299944,9.892675,0.24299943,12.656378,2.489329,0.033313587
0.94680786,2146.532370328903,108.399506,4449471,390.04,0.3232909,1.1445802,147,0.0035033866,0.35033867,15.297365,89.55834,-1.5640259e-06,[-0.024 -0.667 -0.005 -0.469 -0.556],0.41239917,-69.65435406910179,-1.438321,-43.14959,100,0.009468078,14700,1.8497449,11.070232,0.018497448,87.36827,-1.1263881,0.0032329091
2.5054855,2165.7779111862183,58573.504,4489707,402.36,15.047728,105.35076,148,1.0984133e-05,0.0010984134,21.925407,2.6975265,2.2888183e-07,[-0.031 -0.667 -0.004 -0.47  -0.558],32.49535,-65.29429266340036,-1.4598258,-43.794785,100,0.025054855,14800,147.23264,11.815771,1.4723263,0.94921005,17.511618,0.1504773
0.9879866,2182.1302638053894,193.28615,4523544,338.37,0.37988105,1.1838759,149,0.003064015,0.3064015,21.857044,87.12011,-1.4495849e-06,[-0.033 -0.654  0.002 -0.478 -0.551],0.35795355,-70.40865156050931,-1.3412855,-40.238514,100,0.009879866,14900,2.4428651,13.129215,0.02442865,84.468315,-1.1014445,0.0037988103
1.0999452,2199.355546951294,357.71228,4559128,355.84,0.7338273,1.2698385,150,0.003112598,0.3112598,23.350962,69.19996,-1.7738342e-06,[-0.034 -0.661 -0.002 -0.483 -0.553],1.0681012,-63.80836591580085,-1.5279846,-45.839485,100,0.01099945,15000,5.0476375,16.391611,0.050476372,78.750175,-0.6537385,0.0073382724
1.8031546,2215.0882205963135,8346.65,4592382,332.54,6.7841105,20.854473,151,3.7383736e-05,0.0037383735,29.603683,6.59834,7.6293946e-07,[-2.996e-02 -6.651e-01 -3.139e-04 -4.833e-01 -5.654e-01],11.938904,-78.155731338536,-1.4382488,-43.14749,100,0.018031545,15100,51.634228,15.967119,0.5163423,4.7951345,5.370892,0.067841105
7.4265566,2230.864941596985,276516.44,4628163,357.81,68.92681,458.87988,152,2.9590358e-06,0.0002959036,19.309507,1.1475874,2.861023e-07,[-0.03  -0.669  0.009 -0.476 -0.558],50.702347,-75.77864299137951,-1.2721725,-38.16518,100,0.074265555,15200,693.1738,11.859056,6.931738,0.21792196,23.450523,0.6892681
1.808288,2248.728271961212,24921.092,4666632,384.69,10.409323,34.851963,153,2.562969e-05,0.002562969,28.682636,2.9293957,5.722046e-07,[-0.022 -0.676 -0.008 -0.469 -0.561],15.936694,-77.20574273814742,-1.2975429,-38.926304,100,0.01808288,15300,104.64331,12.297112,1.0464331,2.869279,8.276575,0.104093224
5.263736,2265.147416114807,195404.95,4705285,386.53,45.448326,198.00159,154,6.1585356e-06,0.0006158536,29.104332,1.3236269,7.6293944e-08,[-0.03  -0.689 -0.009 -0.489 -0.556],43.159832,-71.47642825526832,-1.2404616,-37.213856,100,0.052637357,15400,457.04074,11.618137,4.5704074,0.5050465,25.704916,0.4544832
1.451967,2279.2518222332,1655.0001,4736735,314.5,4.29314,7.582095,155,0.00015160034,0.015160034,22.663406,10.264289,5.340576e-07,[-0.011 -0.67   0.006 -0.487 -0.571],6.3557467,-88.12290887577687,-1.2514298,-37.542892,100,0.01451967,15500,37.74841,14.589803,0.37748408,13.188967,2.9098592,0.042931397
0.95506513,2296.2159671783447,145.45395,4771592,348.57,0.5680845,1.4094467,156,0.0009472406,0.09472407,23.39571,73.866066,-1.6784668e-06,[-0.016 -0.667  0.007 -0.474 -0.591],1.2130046,-83.25057923894681,-1.39341,-41.802246,100,0.0095506525,15600,3.1559207,12.447302,0.031559207,70.94983,-0.4412514,0.0056808447
0.92320585,2315.074704170227,127.14459,4811368,397.76,0.40696073,1.2206537,157,0.0019177503,0.19177504,18.18001,83.72996,-2.0217894e-06,[-0.028 -0.666  0.004 -0.474 -0.598],0.52176344,-73.57273707271209,-1.4229558,-42.688614,100,0.009232058,15700,2.1331265,11.698514,0.021331264,81.92332,-1.0503615,0.0040696072
0.9984573,2333.2606632709503,112.39567,4853386,420.18,0.08834213,1.009984,158,0.007812068,0.7812068,17.571093,99.22324,5.722046e-07,[-0.033 -0.672  0.002 -0.478 -0.593],0.025282979,-59.867594402638304,-1.3726258,-41.178787,100,0.009984573,15800,1.1985226,10.548484,0.011985226,99.01147,-1.3541783,0.00088342116
1.5569541,2349.2232360839844,5973.044,4891439,380.53,5.896523,16.697285,159,3.6309313e-05,0.0036309313,23.71619,6.517627,8.392334e-07,[-0.033 -0.672  0.001 -0.478 -0.594],7.6771646,-72.3505414120333,-1.2724421,-38.173294,100,0.015569542,15900,56.749844,13.460984,0.56749845,5.988998,2.4776678,0.058965225
1.3234998,2365.046442270279,1981.9474,4926921,354.82,2.3322115,4.016897,160,0.00029684856,0.029684857,25.371717,24.359411,-7.4386594e-07,[-0.034 -0.682  0.001 -0.495 -0.586],6.104239,-77.44830791414348,-1.5585611,-46.75681,100,0.013234997,16000,17.58179,13.927642,0.1758179,24.894836,2.9805415,0.023322115
1.1089394,2378.754517555237,271.948,4959310,323.89,1.1578436,2.4501276,161,0.0006999037,0.069990374,23.150126,47.84357,7.6293946e-07,[-0.048 -0.677  0.006 -0.497 -0.598],2.745686,-82.04659943496019,-1.5027179,-45.081573,100,0.011089393,16100,6.786542,14.210434,0.06786542,40.8142,0.39349723,0.011578436
1.5728269,2395.5155630111694,18427.533,4995746,364.36,6.2233443,33.92283,162,3.27719e-05,0.00327719,28.07204,6.0037775,8.201599e-07,[-0.047 -0.681  0.003 -0.492 -0.597],18.043352,-73.54113685805129,-1.2948803,-38.846443,100,0.015728267,16200,59.229626,13.04845,0.59229624,2.9478674,10.501534,0.062233437
1.0484977,2408.851454257965,209.65906,5027898,321.52,0.848508,1.6477774,163,0.0011738833,0.11738834,22.096832,60.4265,1.2207031e-06,[-0.03  -0.661 -0.002 -0.486 -0.6  ],1.0467919,-80.67801113439934,-1.1606016,-34.818085,100,0.010484977,16300,5.241746,13.773293,0.052417457,60.68781,-0.443025,0.00848508
1.0594891,2425.3171808719635,373.45493,5064239,363.41,1.1407144,2.5883613,164,0.00020016513,0.020016514,23.587599,46.3133,-1.5640259e-06,[-0.036 -0.667 -0.003 -0.484 -0.606],1.661371,-69.15848326189078,-1.0343896,-31.031637,100,0.010594892,16400,6.8324223,12.855383,0.06832422,38.634483,-0.0027922392,0.011407144
1.0678004,2439.8378698825836,482.72308,5097135,328.96,0.75623417,1.562646,165,0.0011557711,0.11557711,27.7006,66.59692,1.2969971e-06,[-0.039 -0.665  0.002 -0.489 -0.599],1.3944579,-78.57036895457831,-1.4229212,-42.687664,100,0.0106780045,16500,4.656743,15.673082,0.04656743,63.99402,-0.38427782,0.0075623416
4.3019695,2455.0416765213013,238332.53,5128621,314.86,27.678722,103.504036,166,3.2607309e-06,0.0003260731,29.016392,2.358718,7.6293944e-08,[-0.028 -0.659  0.003 -0.489 -0.609],54.58015,-79.92681588235196,-1.3518443,-40.55533,100,0.043019697,16600,256.71658,15.280901,2.5671659,0.9661459,40.8269,0.27678725
1.0000601,2472.678154230118,124.7334,5164549,359.28,0.43345097,1.1684391,167,0.0036392629,0.3639263,19.229965,84.1852,1.6021728e-06,[-0.034 -0.674  0.013 -0.489 -0.598],0.3622774,-71.5999648610869,-1.3872315,-41.61699,100,0.0100006005,16700,2.8602805,11.412859,0.028602805,85.58426,-1.1372433,0.0043345094
1.2545047,2488.385213136673,843.30414,5198824,342.75,1.7657592,3.5714428,168,5.6500157e-05,0.005650016,21.439575,33.544052,-3.8146973e-07,[-0.037 -0.678  0.014 -0.489 -0.6  ],3.796479,-89.15244125217316,-1.3632915,-40.898727,100,0.012545046,16800,10.709581,12.994936,0.10709581,27.999887,1.2200961,0.017657591
1.1686867,2504.925847053528,1337.0022,5236154,373.3,3.4124472,5.73328,169,6.8137415e-05,0.0068137418,24.201694,10.497795,-4.5776366e-07,[-0.047 -0.678  0.008 -0.492 -0.607],4.4733963,-74.42649953837764,-1.3826742,-41.48021,100,0.011686866,16900,33.412582,12.232431,0.33412582,17.442022,1.1626852,0.034124468
1.1157265,2519.777284145355,660.8995,5268903,327.49,1.9312319,3.1744752,170,0.00041884024,0.041884024,29.02018,25.024529,2.1362305e-06,[-0.044 -0.689  0.014 -0.505 -0.623],3.950929,-85.56545790237827,-1.6855772,-50.56737,100,0.011157265,17000,17.1856,13.231938,0.171856,31.50127,0.94772315,0.019312318
19.264593,2537.992537498474,1579577.9,5307687,387.84,181.19777,2067.3596,171,5.8547187e-08,5.854719e-06,27.674757,1.1177183,1.1444092e-06,[-0.055 -0.696  0.007 -0.506 -0.613],123.812,-75.75747519888019,-1.3713859,-41.14161,100,0.19264585,17100,1821.2953,12.659057,18.212952,0.04837088,61.457462,1.8119776
11.871344,2553.876255273819,4400403.0,5340452,327.65,111.19004,2796.8562,172,1.2178798e-07,1.2178798e-05,25.979376,1.127056,-2.5939942e-06,[-0.052 -0.698 -0.011 -0.513 -0.644],205.53978,-72.9353355070855,-1.377139,-41.314087,100,0.11871344,17200,1118.0864,16.451523,11.180864,0.03575443,132.7095,1.1119004
4.5213256,2571.2878675460815,133976.3,5374896,344.44,29.84187,147.84499,173,3.088906e-06,0.0003088906,21.62881,2.2440012,-3.2043456e-06,[-0.077 -0.72  -0.005 -0.531 -0.641],46.727806,-75.50818526950192,-1.3399885,-40.199554,100,0.045213252,17300,290.85666,14.080314,2.9085665,0.6763841,30.434723,0.29841867
1.2436583,2588.6382377147675,1326.3716,5411929,370.33,3.747488,7.0124865,174,0.0001719778,0.01719778,24.389305,9.92079,2.5177003e-06,[-0.087 -0.731  0.007 -0.531 -0.641],6.0802155,-75.18829094861927,-1.6718233,-50.154774,100,0.012436583,17400,32.33544,13.773563,0.32335442,14.260277,1.6530366,0.03747488
1.0043129,2603.5082993507385,182.37312,5447091,351.62,0.10019116,1.0117682,175,0.007310314,0.7310314,19.924145,99.01456,-2.2888183e-07,[-0.085 -0.735 -0.004 -0.532 -0.643],0.028941333,-73.44581425736934,-1.2993597,-38.98078,100,0.01004313,17500,1.2830336,13.223968,0.012830336,98.83687,-1.2780414,0.0010019116
1.2864654,2618.1764051914215,400.45422,5483096,360.05,2.4325285,3.2623365,176,7.3571566e-05,0.007357157,28.83617,21.856209,-9.3460085e-07,[-0.085 -0.734 -0.004 -0.533 -0.643],3.4764323,-72.08851168150022,-1.3605263,-40.815765,100,0.012864654,17600,17.864702,14.427775,0.17864701,30.652878,1.0190594,0.024325285
31.864912,2636.3867616653442,2642551.8,5520403,373.07,310.67267,5310.5327,177,9.0911936e-07,9.091194e-05,14.905231,1.0410566,-9.918213e-07,[-0.084 -0.743 -0.011 -0.533 -0.656],162.47327,-72.45516200320064,-1.2312112,-36.93631,100,0.3186491,17700,3122.927,12.976283,31.229269,0.018830502,72.75078,3.1067264
0.99274904,2655.3608367443085,72.266426,5564610,442.07,0.35749617,1.1408683,178,0.003912474,0.39124742,14.581989,88.52086,9.155273e-07,[-0.096 -0.756 -0.018 -0.521 -0.646],0.46404484,-74.3332452302386,-1.2895919,-38.687782,100,0.009927491,17800,2.308474,9.559893,0.02308474,87.652534,-0.9133878,0.0035749613
0.9484217,2673.343866586685,230.02412,5607232,426.22,0.6438854,1.5475247,179,0.0014251143,0.14251144,25.842325,68.450584,1.1444092e-06,[-0.102 -0.756 -0.017 -0.519 -0.653],1.048614,-79.82421070250398,-1.1988676,-35.966064,100,0.0094842175,17900,4.500582,9.382317,0.04500582,64.61932,-0.44277334,0.0064388537
16.072618,2690.8178091049194,3216844.2,5648550,413.18,149.31833,1801.2574,180,3.5085154e-07,3.5085155e-05,19.071636,1.1453649,-1.9073487e-07,[-0.101 -0.754 -0.02  -0.521 -0.665],175.66061,-81.27525168057753,-1.3121502,-39.364502,100,0.16072616,18000,1499.5039,12.087964,14.995039,0.055516772,119.97136,1.4931835
1.0635731,2710.816388607025,516.04193,5695098,465.48,2.7655878,7.221814,181,0.00015185682,0.015185682,26.59737,12.884183,-1.0299683e-06,[-0.086 -0.748 -0.021 -0.502 -0.643],3.08316,-78.36734821039829,-0.94946146,-28.483812,100,0.010635731,18100,24.70033,7.258413,0.2470033,13.846936,0.5316336,0.027655879
1.0741975,2730.260416507721,1461.354,5740452,453.54,2.4283006,6.6328235,182,0.00012161661,0.012161662,16.769573,16.366116,1.8119812e-07,[-0.084 -0.746 -0.013 -0.508 -0.647],4.217554,-71.66303156593953,-1.2178488,-36.53547,100,0.010741975,18200,21.683094,8.968594,0.21683094,15.076536,1.081073,0.024283005
1.0954118,2748.774812221527,171.43224,5784997,445.45,1.129997,2.4542234,183,0.00065124116,0.06512412,16.494701,48.446266,-1.5258789e-06,[-0.076 -0.743 -0.006 -0.515 -0.657],1.8618839,-72.56587138472396,-1.1632981,-34.898907,100,0.010954117,18300,7.2225256,9.259897,0.07222526,40.746086,0.039467454,0.01129997
1.5079919,2768.559143304825,3186.9163,5828944,439.47,6.0985193,8.346094,184,0.00023725723,0.023725724,15.8542,5.7620263,2.4795531e-06,[-0.074 -0.74  -0.009 -0.518 -0.661],6.745098,-72.4188392458816,-1.2217706,-36.65319,100,0.015079919,18400,53.72647,9.5987015,0.5372647,11.981652,3.2154436,0.060985193
8.023249,2787.7333903312683,416426.03,5873818,448.74,75.23092,450.29272,185,6.808993e-06,0.0006808993,18.501585,1.1245948,1.9073486e-08,[-0.054 -0.729 -0.002 -0.508 -0.663],63.94647,-69.0414075046972,-1.3330848,-39.99254,100,0.08023249,18500,756.50116,9.602986,7.5650115,0.22207776,35.65828,0.7523092
1.0105417,2806.109646320343,118.786415,5915665,418.47,0.601456,1.3266867,186,0.0025749048,0.2574905,24.614544,73.84207,1.1062622e-06,[-0.042 -0.728  0.013 -0.515 -0.652],0.66513777,-78.22541060255189,-1.6811558,-50.434704,100,0.010105417,18600,4.3976417,11.1066675,0.043976415,75.37575,-1.2712504,0.0060145594
0.9768431,2825.582182407379,121.36583,5957500,418.35,1.0382489,1.8180892,187,0.00053519686,0.053519685,19.685034,46.955524,-1.5258789e-06,[-0.049 -0.723  0.011 -0.509 -0.654],1.5399313,-79.29858834307721,-1.1856234,-35.568653,100,0.009768432,18700,6.9195514,10.002885,0.06919551,55.0028,-0.058719993,0.010382489
1.0773647,2844.1327459812164,114.38244,5998817,413.17,0.72716224,1.4273103,188,0.001576293,0.15762931,18.914814,68.70251,-1.0299683e-06,[-0.046 -0.737  0.007 -0.519 -0.663],0.71228,-81.68709558355711,-1.1979734,-35.93917,100,0.010773647,18800,4.720858,9.907571,0.04720858,70.061844,-0.7189389,0.0072716223
1.0191854,2866.313478708267,120.51458,6040609,417.92,0.41036025,1.1866466,189,0.0037610978,0.37610978,32.867683,86.04997,6.4849854e-07,[-0.05  -0.73   0.01  -0.518 -0.655],0.27593762,-72.22275471316051,-1.2104167,-36.31253,100,0.010191855,18900,2.6202488,10.26484,0.026202487,84.27109,-1.0426104,0.004103603
1.0782251,2887.313640832901,284.627,6081852,412.43,0.9682533,2.227851,190,0.0005362071,0.05362071,20.198076,55.358246,,[-0.05  -0.73   0.008 -0.52  -0.656],1.9721465,-69.64592818059829,-1.4131035,-42.393105,100,0.01078225,19000,4.883506,12.05852,0.048835058,44.886307,-0.13704991,0.009682533
1.2637681,2909.5515303611755,502.62256,6122063,402.11,2.4266858,3.3221128,191,0.00026892574,0.026892575,19.946579,21.334867,9.155273e-07,[-0.049 -0.729  0.003 -0.523 -0.661],3.6929016,-76.96332168276369,-1.2981619,-38.94487,100,0.01263768,19100,21.433222,11.744816,0.21433221,30.101326,1.3267846,0.024266856
1.0505806,2926.982484817505,647.48865,6159825,377.62,1.5554012,3.3488495,192,0.00011386394,0.0113863945,27.660738,31.329037,2.670288e-07,[-0.033 -0.721  0.008 -0.52  -0.663],2.544982,-76.0603820037263,-1.4810033,-44.430103,100,0.010505805,19200,13.67651,12.011445,0.1367651,29.861002,-0.16523409,0.015554011
2.6105914,2942.5586864948273,17267.188,6196238,364.13,11.744355,29.484219,193,2.8500239e-05,0.002850024,26.04602,4.7084074,-6.1035155e-07,[-0.037 -0.72   0.007 -0.527 -0.663],18.701414,-75.91724655026296,-1.3546284,-40.638832,100,0.026105914,19300,103.920456,12.945493,1.0392045,3.391645,11.345871,0.11744355
5.517218,2958.9761111736298,117255.45,6232675,364.37,26.312904,175.21336,194,5.959567e-06,0.0005959567,30.810646,4.211307,1.9073486e-06,[-5.029e-02 -7.320e-01  1.403e-05 -5.234e-01 -6.822e-01],45.289627,-74.80109101474399,-1.2059542,-36.178688,100,0.055172186,19400,219.16458,14.842776,2.1916459,0.5707327,29.326603,0.26312903
1.4697262,2980.845504283905,887.0129,6274711,420.36,3.9256256,6.4556084,195,7.4351505e-05,0.0074351504,19.893799,12.293784,3.8146973e-07,[-0.037 -0.729  0.008 -0.51  -0.685],6.5178986,-79.4766540009063,-1.2698654,-38.09597,100,0.014697263,19500,31.378693,11.823889,0.31378692,15.490407,3.291438,0.039256256
1.5098873,3001.1810796260834,556.9557,6318887,441.76,3.0592837,5.9743986,196,0.00021108596,0.021108598,17.626387,19.58729,5.722046e-07,[-0.027 -0.718  0.003 -0.502 -0.675],4.2115827,-75.28976139919853,-1.1847463,-35.542404,100,0.015098874,19600,20.832153,9.58426,0.20832153,16.738087,1.3157554,0.030592836
0.99519074,3019.3068737983704,168.40337,6360462,415.75,0.44435385,1.3181138,197,0.0019811573,0.19811574,28.132061,83.37756,2.2125244e-06,[-0.027 -0.716 -0.006 -0.502 -0.679],0.38912618,-71.80529559183566,-1.2131541,-36.394688,100,0.009951908,19700,2.534265,11.204191,0.02534265,75.86598,-1.0036881,0.004443538
0.90889025,3038.289174079895,268.61795,6404709,442.47,1.0913599,3.5550756,198,0.00017931106,0.017931106,27.827356,40.952938,1.9454956e-06,[-0.026 -0.717 -0.009 -0.5   -0.68 ],2.1346347,-69.60408921401078,-0.9275764,-27.451662,100,0.009088903,19800,6.8894877,8.918099,0.06889488,28.128798,0.3856939,0.010913599
1.1230273,3057.1996014118195,183.60213,6444735,400.26,0.725999,1.5283563,199,0.0014078395,0.14078395,19.701134,70.52593,-5.722046e-07,[-0.028 -0.711 -0.008 -0.504 -0.68 ],1.3760502,-78.42266269406788,-1.216186,-36.485565,100,0.011230271,19900,3.4608066,10.73302,0.034608066,65.42977,-0.12747991,0.00725999
1.3474072,3076.7106461524963,428.8636,6485932,411.97,1.6609825,2.7797554,200,0.00041984912,0.041984912,17.036419,39.688675,2.9754638e-06,[-0.035 -0.707 -0.008 -0.504 -0.696],3.464518,-70.96014455235107,-1.4345946,-43.037926,100,0.013474071,20000,8.008264,11.889348,0.08008263,35.97439,1.0726712,0.016609827
4.630682,3096.5432205200195,212134.12,6526628,406.96,33.063034,157.60312,201,1.1121515e-05,0.0011121515,18.439363,1.9238356,3.6144256e-06,[-0.024 -0.701 -0.003 -0.497 -0.7  ],43.18995,-71.93988765543914,-1.2596639,-37.790024,100,0.04630682,20100,332.10632,11.131696,3.321063,0.6345052,27.376074,0.33063036
0.92643714,3114.276458263397,356.39395,6566274,396.46,0.8811913,2.1123927,202,0.00094173715,0.094173715,23.525272,52.501484,1.8692017e-06,[-3.307e-02 -7.066e-01 -5.501e-04 -5.119e-01 -6.774e-01],1.4931669,-65.77042432866804,-1.2410599,-37.23185,100,0.00926437,20200,5.7597017,12.40526,0.057597015,47.339684,-0.31060112,0.0088119125
0.93939614,3131.5631489753723,200.91359,6604305,380.31,0.55438775,1.4534222,203,0.001857157,0.1857157,22.271114,74.16852,-1.9073486e-06,[-0.025 -0.705  0.006 -0.511 -0.684],1.6647313,-78.01237552580072,-1.2711481,-38.134388,100,0.009393961,20300,2.7247176,12.696055,0.027247176,68.80313,0.13226318,0.005543877
1.1769718,3152.438495159149,494.5391,6642573,382.68,0.9900201,2.0355065,204,0.00044090036,0.044090036,29.441628,58.563503,-1.335144e-06,[-0.012 -0.707  0.005 -0.515 -0.692],2.0846095,-70.08052856855022,-1.4148159,-42.444435,100,0.011769717,20400,4.9932027,12.953387,0.049932025,49.127823,0.066076994,0.009900201
1.064055,3169.8866703510284,880.34424,6679738,371.65,1.0599632,1.8619084,205,0.0016092121,0.16092122,29.580677,50.192642,2.2125244e-06,[-0.025 -0.709  0.002 -0.517 -0.685],2.1768699,-71.75689593935493,-1.6042678,-48.12809,100,0.01064055,20500,7.7307515,15.608661,0.077307515,53.708332,-0.01218462,0.010599632
2.4054368,3191.383284807205,46295.344,6716914,371.76,14.487911,84.95445,206,4.9736145e-06,0.00049736147,24.517052,2.6826656,1.1253356e-06,[-2.330e-02 -7.072e-01 -2.641e-04 -5.200e-01 -7.040e-01],22.038435,-72.60442435242635,-1.2950884,-38.852684,100,0.024054367,20600,143.72911,11.925536,1.437291,1.1771014,10.1015,0.1448791
1.1690842,3208.718654870987,385.01654,6752584,356.7,1.8392868,3.2022505,207,0.0008193731,0.08193731,20.440014,28.775461,8.010864e-07,[-0.026 -0.724 -0.015 -0.526 -0.707],2.2158043,-78.0008645706686,-1.1913711,-35.741154,100,0.011690841,20700,14.487877,11.304269,0.14487876,31.228039,0.08386445,0.018392868
1.0138904,3227.5816085338593,189.1048,6790260,376.76,0.8930396,1.750338,208,0.0012938104,0.12938105,19.230917,56.3121,-4.5776366e-07,[-0.012 -0.721 -0.01  -0.531 -0.701],1.3815193,-67.6196295996993,-1.385021,-41.550613,100,0.010138904,20800,6.109803,13.807744,0.06109803,57.131824,-0.4508674,0.008930396
1.119724,3244.2261805534363,500.30383,6827479,372.19,1.9484701,3.5844193,209,0.00029542582,0.029542582,22.497486,24.825804,1.1062622e-06,[-0.012 -0.723 -0.006 -0.529 -0.701],3.5087752,-69.82097864952769,-1.5096315,-45.288967,100,0.01119724,20900,17.644611,12.785092,0.17644611,27.898521,0.65065455,0.019484702
1.3581942,3263.1216526031494,744.7683,6865124,376.45,2.175894,5.6188483,210,0.00010873006,0.010873007,20.201492,28.03821,-1.9073486e-08,[-0.011 -0.726  0.002 -0.531 -0.696],4.714943,-78.23285170832101,-1.2149212,-36.44763,100,0.013581943,21000,11.813496,11.803908,0.11813495,17.797241,1.8350804,0.02175894
1.3344121,3282.1497328281403,3066.6052,6899967,348.43,4.630477,7.2318406,211,0.0001865472,0.01865472,22.324299,7.667976,1.6784668e-06,[-0.014 -0.722 -0.006 -0.533 -0.701],5.658039,-75.78621786519682,-1.2548254,-37.644814,100,0.013344121,21100,39.89259,13.505251,0.3989259,13.827739,2.2835476,0.04630477
1.1643822,3301.514776468277,1811.242,6940925,409.58,2.5283115,6.4257717,212,7.183275e-05,0.007183275,17.247845,17.4982,4.7683716e-07,[-0.018 -0.725 -0.006 -0.524 -0.709],4.202056,-69.9751317550764,-1.241566,-37.24699,100,0.011643821,21200,23.412994,11.374053,0.23412994,15.562333,1.0547962,0.025283113
1.0813726,3323.1555666923523,139.88246,6983746,428.21,0.9205731,1.7580506,213,0.00081504404,0.081504405,14.808357,57.980667,2.7656554e-07,[-0.024 -0.74  -0.001 -0.534 -0.71 ],1.2909114,-64.68616964652414,-1.4331151,-42.993458,100,0.010813725,21300,5.822934,9.470656,0.05822934,56.881184,-0.6092775,0.009205731
3.1920953,3343.2665247917175,12053.224,7024650,409.04,21.273825,38.099033,214,2.3327819e-05,0.002332782,14.980323,2.2018676,2.3269654e-06,[-0.028 -0.731 -0.004 -0.525 -0.705],11.926213,-72.45269114774482,-1.3609052,-40.827225,100,0.031920955,21400,213.20683,10.802774,2.1320684,2.6247385,3.5260916,0.21273823
1.007966,3365.003997325897,137.12283,7064395,397.45,0.26152837,1.0905738,215,0.0042319987,0.4231999,23.542587,93.69259,-1.9454956e-06,[-0.011 -0.725 -0.01  -0.529 -0.713],0.5455328,-76.46949652536959,-1.5833434,-47.500244,100,0.01007966,21500,1.7558898,12.525106,0.017558897,91.69485,-1.1079593,0.002615284
1.0269908,3384.410756111145,174.62273,7103103,387.08,0.8419116,1.6769394,216,0.001097352,0.1097352,19.013704,59.80691,-3.0517577e-07,[-0.015 -0.721 -0.009 -0.526 -0.715],1.0874753,-71.39073602515536,-1.1655568,-34.9667,100,0.010269906,21600,5.209767,11.679363,0.052097667,59.632446,-0.42188215,0.008419116
1.0637289,3403.7246572971344,166.43088,7142060,389.57,0.4848927,1.2216223,217,0.0016998106,0.16998106,18.422499,82.795685,7.6293944e-08,[-0.022 -0.722 -0.006 -0.529 -0.717],0.5118929,-68.15062453079473,-1.4634708,-43.90412,100,0.010637289,21700,4.1087255,12.132102,0.041087255,81.85836,-1.1056378,0.004848927
1.1960601,3423.4675209522247,342.23373,7178579,365.19,1.2315388,1.9991446,218,0.001427055,0.1427055,20.204899,48.53885,-9.918213e-07,[-0.021 -0.73  -0.005 -0.532 -0.716],1.7520328,-80.39474392208311,-1.3940923,-41.82274,100,0.0119606,21800,7.393606,12.169925,0.07393606,50.021397,-0.21908832,0.012315386
1.3885477,3442.9957768917084,1682.6246,7218192,396.13,3.4398038,5.181061,219,0.00027004402,0.027004402,20.096066,14.011777,1.0681152e-06,[-0.013 -0.733 -0.008 -0.53  -0.72 ],3.6937914,-73.67402884932653,-1.3870203,-41.61064,100,0.013885477,21900,29.651623,11.721406,0.2965162,19.301067,0.53666115,0.034398038
0.9129341,3461.2738835811615,354.46643,7252524,343.32,0.92533433,1.9890829,220,0.00088420615,0.088420615,20.833765,49.325478,1.5258789e-06,[-0.004 -0.72  -0.011 -0.526 -0.726],1.7269732,-82.73890583547968,-1.2782443,-38.34737,100,0.009129342,22000,8.265844,13.388142,0.08265844,50.274426,-0.07579875,0.009253343
0.93546885,3480.473703145981,266.6106,7293326,408.02,1.3574672,3.1241605,221,0.00061199086,0.061199088,16.810917,32.19868,6.8664554e-07,[-0.02  -0.719 -0.014 -0.521 -0.731],2.6996555,-75.51721249580204,-1.3037319,-39.111977,100,0.009354687,22100,9.438038,9.014549,0.09438038,32.0086,0.39526963,0.013574673
1.7662785,3496.486391067505,1246.4796,7329201,358.75,4.2547464,8.231954,222,8.635361e-05,0.008635362,18.074955,14.700078,-4.196167e-07,[-0.02  -0.716 -0.009 -0.525 -0.732],6.6113257,-77.29778661209981,-1.4127021,-42.38105,100,0.017662784,22200,33.139225,12.572828,0.33139223,12.147784,2.5580893,0.04254746
1.0286795,3513.5997462272644,319.27438,7362334,331.33,0.34789163,1.1481857,223,0.0048742006,0.48742005,28.316984,89.73647,-1.6021728e-06,[-0.028 -0.714 -0.011 -0.533 -0.74 ],0.62936705,-74.95012946316538,-1.4926738,-44.78016,100,0.010286796,22300,2.460479,15.5594425,0.02460479,87.093925,-0.9700822,0.0034789164
1.6192386,3531.9710586071014,37262.47,7396973,346.39,8.226333,35.22921,224,1.5485399e-05,0.00154854,26.256273,3.729928,5.340576e-07,[-0.034 -0.709 -0.01  -0.531 -0.739],16.145527,-74.98670565317308,-1.2136295,-36.408897,100,0.016192386,22400,82.63872,13.745118,0.82638717,2.8385537,8.942123,0.08226333
1.0723312,3548.0802762508392,328.3773,7424615,276.42,0.5851881,1.4585403,225,0.0007715233,0.07715233,32.244118,77.05312,2.3841858e-06,[-0.017 -0.709 -0.002 -0.543 -0.732],1.3733206,-82.05410235280785,-1.4258264,-42.774857,100,0.010723311,22500,4.0835605,16.166426,0.040835604,68.5617,-0.34865308,0.0058518806
0.9653302,3564.9887869358063,985.192,7455605,309.9,1.3889121,3.70552,226,0.00012478637,0.0124786375,25.468176,32.5719,-1.6784668e-06,[-0.015 -0.715 -0.005 -0.543 -0.732],2.5257316,-80.34635360052852,-1.5266359,-45.79902,100,0.009653303,22600,10.175623,15.616347,0.10175623,26.986767,-0.412997,0.01388912
13.5808325,3587.7753262519836,2258022.2,7491158,355.53,127.614845,1027.7948,227,3.3419732e-07,3.3419732e-05,22.921862,1.1198491,-1.6021728e-06,[-0.023 -0.727 -0.001 -0.551 -0.74 ],151.54016,-69.99603738182198,-1.3377534,-40.132545,100,0.13580833,22700,1282.6505,12.674309,12.826505,0.09729569,108.65286,1.2761484
2.5261428,3605.2865545749664,120038.18,7521994,308.36,18.036434,54.6453,228,2.1348513e-05,0.0021348514,25.82508,1.9238794,9.155273e-07,[-0.017 -0.717 -0.012 -0.535 -0.734],32.330074,-86.18750008858646,-1.4244075,-42.732254,100,0.025261424,22800,181.5072,15.88698,1.815072,1.8299835,21.800495,0.18036436
2.761734,3619.725084543228,71334.29,7549319,273.25,16.43255,73.41637,229,6.7754972e-06,0.00067754975,27.613451,2.7469888,-2.0217894e-06,[-0.013 -0.73  -0.025 -0.537 -0.747],27.600317,-103.94096364406576,-1.2873291,-38.61981,100,0.027617337,22900,160.26245,13.165891,1.6026244,1.362094,16.570068,0.16432548
26.96107,3638.137242794037,4521672.5,7587082,377.63,252.24356,7568.4717,230,3.1612345e-08,3.1612346e-06,16.111296,1.1295376,-7.6293946e-07,[-0.033 -0.728 -0.018 -0.528 -0.763],221.6153,-83.33741260140802,-1.1985092,-35.955254,100,0.26961067,23000,2533.4614,9.735044,25.334614,0.013212707,117.3487,2.5224354
0.91693896,3657.828052043915,83.04283,7631519,444.37,0.49154294,1.4361801,231,0.0019105726,0.19105726,17.422623,77.677734,1.3732911e-06,[-0.062 -0.752 -0.022 -0.526 -0.782],0.73665047,-76.31279330073006,-1.0626489,-31.879503,100,0.0091693895,23100,2.4784338,8.41802,0.024784338,69.62915,-0.5368372,0.0049154293
2.5311236,3678.4240531921387,41476.418,7674960,434.41,16.563454,87.14498,232,8.10037e-06,0.000810037,19.997927,2.2819169,-2.2506713e-06,[-0.063 -0.751 -0.02  -0.529 -0.781],21.313482,-78.01423527593411,-1.3096346,-39.288963,100,0.025311232,23200,164.28732,9.784365,1.6428732,1.147513,9.087873,0.16563454
1.114596,3696.630108356476,150.60689,7714816,398.56,1.0583247,1.9335915,233,0.00096946134,0.096946135,23.23795,52.58793,3.929138e-06,[-0.063 -0.753 -0.023 -0.542 -0.787],1.1932406,-81.90859533285763,-1.3344932,-40.034912,100,0.0111459615,23300,5.8314924,10.172221,0.058314923,51.71723,-0.66242623,0.010583246
0.9939128,3715.032491207123,111.03966,7757585,427.69,0.5587656,1.4648627,234,0.0023178253,0.23178254,15.539511,75.984665,-1.5258789e-06,[-0.062 -0.753 -0.019 -0.539 -0.786],0.7196822,-72.70778290546045,-1.4784318,-44.352905,100,0.009939127,23400,2.9114852,9.811744,0.029114852,68.265785,-1.0696841,0.0055876556
0.95816696,3734.7347667217255,101.664474,7799652,420.67,0.34551388,1.1622506,235,0.0034883188,0.3488319,26.108315,88.493126,6.1035155e-07,[-0.063 -0.754 -0.015 -0.538 -0.786],0.6790004,-72.05496874627526,-1.29459,-38.837715,100,0.009581667,23500,2.0774858,11.368193,0.020774858,86.03996,-0.71666825,0.0034551385
1.082786,3755.656835794449,342.18753,7842814,431.62,1.4379146,3.8806734,236,0.00029028405,0.029028405,20.242105,36.1857,2.1934509e-06,[-0.069 -0.753 -0.016 -0.536 -0.793],3.3632169,-74.04458977379143,-1.2057217,-36.171707,100,0.01082786,23600,9.313572,10.588476,0.093135715,25.768723,0.98801064,0.014379146
0.9644637,3774.7989089488983,104.06374,7883836,410.22,0.59121317,1.4648309,237,0.0010583153,0.105831526,17.63048,72.686844,-9.918213e-07,[-0.067 -0.752 -0.022 -0.536 -0.792],0.8771084,-75.27825758112344,-1.2260602,-36.78177,100,0.009644639,23700,3.424425,9.596815,0.034244247,68.267265,-0.6067932,0.005912131
1.3060772,3795.0448377132416,539.8515,7924892,410.56,2.9261272,5.54051,238,0.00014264804,0.014264805,22.727512,16.61305,6.8664554e-07,[-0.068 -0.754 -0.026 -0.537 -0.791],3.0410657,-79.14026595149768,-1.155689,-34.670685,100,0.013060775,23800,20.852198,9.295948,0.20852198,18.04888,0.3207705,0.029261274
1.0694786,3813.785507440567,142.07765,7967879,429.87,0.9431149,1.8427343,239,0.0008294397,0.082943976,20.782982,56.254005,1.9836425e-06,[-0.075 -0.762 -0.025 -0.547 -0.796],1.3848565,-76.44793703986333,-1.2249641,-36.748985,100,0.010694785,23900,5.849524,9.984405,0.05849524,54.26718,-0.27800274,0.009431148
2.3554668,3834.982388973236,12978.984,8009138,412.59,10.035237,27.678255,240,8.8853785e-06,0.0008885379,18.103327,5.2216506,-2.784729e-06,[-0.076 -0.76  -0.028 -0.542 -0.792],13.972747,-73.55092183013988,-1.2100472,-36.30133,100,0.023554668,24000,82.832504,10.04965,0.82832503,3.6129446,7.606688,0.10035238
1.2973236,3854.9948103427887,656.9863,8049627,404.89,2.2460783,4.4895887,241,0.00018785603,0.018785603,24.30067,25.015902,-1.7547608e-06,[-0.069 -0.75  -0.021 -0.547 -0.795],4.883734,-67.0359767570778,-1.4309697,-42.929047,100,0.012973235,24100,16.3885,13.278287,0.163885,22.273756,1.851706,0.022460781
1.067713,3875.2721598148346,148.74483,8089339,397.12,0.7169199,1.4587041,242,0.0014146981,0.1414698,16.237736,68.9251,3.528595e-06,[-0.064 -0.749 -0.017 -0.539 -0.798],0.6874967,-73.38226160719195,-1.3327742,-39.98333,100,0.01067713,24200,4.035059,10.878397,0.04035059,68.554,-0.9221898,0.007169199
1.052893,3894.0422801971436,151.22823,8131287,419.48,0.50907826,1.2636843,243,0.0032062756,0.32062757,21.456434,81.05197,-6.1035155e-07,[-0.061 -0.749 -0.02  -0.539 -0.799],0.5913609,-73.19807535744313,-1.4796323,-44.388947,100,0.01052893,24300,2.9429998,12.175074,0.029429998,79.13369,-1.0719479,0.005090783
1.2244887,3915.933641910553,284.554,8170891,396.04,1.1336261,1.8162924,244,0.0010311578,0.10311578,19.367037,53.847473,-2.670288e-07,[-0.06  -0.746 -0.019 -0.535 -0.797],1.1715684,-78.73204186032281,-1.3727202,-41.181602,100,0.012244888,24400,5.8233647,12.644505,0.058233645,55.057213,-0.678445,0.01133626
1.7822701,3935.732457637787,11743.035,8210358,394.67,8.7896185,14.199289,245,7.3199524e-05,0.0073199524,23.146112,3.94919,-2.5558472e-06,[-0.06  -0.749 -0.024 -0.537 -0.792],13.029955,-80.52665747938559,-1.2750083,-38.25017,100,0.0178227,24500,85.520386,11.692658,0.85520387,7.042606,8.225485,0.08789618
1.1228211,3954.2920734882355,204.26854,8249673,393.15,0.8396755,1.5540287,246,0.0012418075,0.12418075,16.315577,64.13361,-2.2125244e-06,[-0.05  -0.731 -0.017 -0.536 -0.797],1.4880393,-72.95164877564682,-1.3403454,-40.210297,100,0.011228208,24600,5.9484224,10.493951,0.059484225,64.34888,-0.1828419,0.008396755
1.086457,3974.0202782154083,270.28888,8288466,387.93,1.5071585,2.2373416,247,0.0012853981,0.12853982,17.421917,34.195183,-2.4223327e-06,[-0.061 -0.738 -0.021 -0.539 -0.804],2.3481135,-73.62458678642743,-1.1103843,-33.31146,100,0.01086457,24700,10.301541,10.90513,0.10301541,44.6959,0.6872325,0.015071585
1.1213319,3994.9317667484283,353.55804,8328294,398.28,1.7880286,2.3850892,248,0.00041744052,0.041744053,17.729221,28.227741,-2.0980835e-07,[-0.061 -0.73  -0.019 -0.529 -0.811],1.7617481,-75.08508223123845,-1.4210383,-42.631138,100,0.011213319,24800,16.996344,11.050298,0.16996343,41.927155,-0.43286514,0.017880285
1.2233269,4013.387185573578,589.9923,8366781,384.87,1.9852602,3.8905725,249,0.00017386064,0.017386064,29.086245,27.520918,4.005432e-07,[-0.065 -0.72  -0.023 -0.527 -0.819],2.7161283,-73.5187890887756,-1.4011405,-42.03422,100,0.01223327,24900,12.393228,12.633502,0.12393227,25.703157,-0.0475564,0.019852603
1.0974578,4030.831564426422,220.36938,8406922,401.41,0.7047614,1.4552466,250,0.0021591627,0.21591628,21.677528,70.80196,-2.2888185e-06,[-0.062 -0.724 -0.017 -0.525 -0.824],0.94853246,-69.17165966916575,-1.4091017,-42.27298,100,0.010974577,25000,4.6265755,11.916968,0.046265755,68.71688,-0.75131476,0.0070476136
1.077263,4050.488010406494,163.08867,8446683,397.61,0.64298725,1.3763244,251,0.0014804507,0.14804508,20.111788,73.73244,7.6293944e-08,[-0.063 -0.717 -0.018 -0.524 -0.829],1.0790634,-68.37236196621336,-1.3180025,-39.54007,100,0.01077263,25100,4.663506,11.512109,0.046635058,72.65729,-0.46717548,0.0064298725
1.0050644,4068.1016438007355,158.1765,8486067,393.84,0.53651637,1.246089,252,0.0023700655,0.23700656,22.382196,77.82366,2.670288e-07,[-0.068 -0.719 -0.016 -0.525 -0.835],0.44715148,-65.66921566565034,-1.413719,-42.411575,100,0.010050642,25200,4.4023495,13.089323,0.044023495,80.25109,-1.13096,0.005365164
1.1131893,4086.669959783554,3125.2292,8526130,400.63,3.0057502,8.066419,253,0.00012306357,0.012306358,19.164772,12.061747,2.1839141e-06,[-0.065 -0.717 -0.013 -0.523 -0.836],4.529436,-68.20542132010932,-1.3288294,-39.864944,100,0.011131892,25300,28.354073,11.600068,0.28354073,12.397076,0.755363,0.030057503
1.0682921,4106.567333221436,156.93607,8565315,391.85,0.61969554,1.2697535,254,0.0029551457,0.29551458,21.991486,74.822655,-1.4495849e-06,[-0.059 -0.695 -0.013 -0.514 -0.844],0.7565843,-64.60880867194624,-1.2355652,-37.066914,100,0.010682922,25400,5.5855937,11.104503,0.055855937,78.75545,-0.63569033,0.0061969548
1.1923251,4124.416373491287,2754.808,8602426,371.11,3.1086628,6.488708,255,6.036891e-05,0.006036891,26.89206,12.8244,-4.959106e-07,[-0.058 -0.687 -0.012 -0.508 -0.841],7.7893076,-65.57528902011676,-1.2665031,-37.99508,100,0.011923251,25500,28.632605,14.095014,0.28632605,15.411388,4.5631523,0.031086627
0.99027354,4143.329557180405,74.06404,8647774,453.48,0.27726,1.1141329,256,0.0052070622,0.52070624,24.080132,92.73076,-8.773804e-07,[-0.077 -0.701 -0.017 -0.512 -0.848],0.18068951,-56.26157560194006,-1.1671828,-35.015453,100,0.009902734,25600,2.207617,8.303716,0.022076169,89.7559,-1.0512998,0.0027726
1.4196042,4159.353350877762,2296.8381,8685619,378.45,3.097435,6.484901,257,8.261952e-05,0.008261952,32.882294,17.359035,-1.0681152e-06,[-0.077 -0.7   -0.017 -0.514 -0.848],3.8985243,-68.45995103713076,-1.2658949,-37.976807,100,0.014196041,25700,28.290335,12.186459,0.28290334,15.420436,0.6748669,0.03097435
1.0880096,4175.060795783997,590.8861,8723270,376.51,1.3177094,2.428322,258,0.00040270796,0.040270798,27.682758,40.53819,-1.0681152e-06,[-0.071 -0.7   -0.021 -0.52  -0.846],3.180976,-66.84705455450646,-1.7246511,-51.739502,100,0.010880096,25800,8.2327175,14.910894,0.08232717,41.1807,0.49344087,0.013177092
2.2581205,4192.762511014938,9713.313,8760717,374.47,9.715006,12.535918,259,0.00014179235,0.014179235,29.888727,5.12574,2.5939942e-06,[-0.067 -0.703 -0.022 -0.517 -0.835],13.490493,-72.78576100898348,-1.329998,-39.90001,100,0.022581205,25900,91.830605,12.031407,0.91830605,7.977078,8.781481,0.097150065
1.1253076,4211.755194425583,395.80298,8802369,416.52,1.5302297,2.2941258,260,0.00045568682,0.045568682,18.133408,35.098255,7.6293946e-07,[-0.063 -0.698 -0.015 -0.508 -0.817],1.8176146,-65.06074190675773,-1.2573491,-37.720493,100,0.011253076,26000,9.785166,9.986185,0.09785166,43.58959,-0.086814165,0.015302299
1.0531195,4230.2082624435425,254.4491,8841626,392.57,1.0062274,1.9620581,261,0.001134859,0.1134859,22.4706,52.275864,6.1035155e-07,[-0.069 -0.704 -0.013 -0.514 -0.819],1.9032226,-67.21833875396932,-1.4317706,-42.95313,100,0.0105311945,26100,5.4831457,12.322203,0.054831456,50.966892,-0.10230899,0.0100622745
0.99035907,4249.362192869186,146.27597,8883803,421.77,0.5281721,1.2608726,262,0.0026906,0.26906002,15.930729,77.855934,-1.1634827e-06,[-0.064 -0.706 -0.017 -0.514 -0.812],0.45294023,-62.625639961130304,-1.45948,-43.784363,100,0.00990359,26200,3.5017097,11.115592,0.035017096,79.31015,-1.1858879,0.005281721
1.0873941,4267.727587461472,224.52055,8924853,410.5,0.84823686,1.495696,263,0.0006013423,0.06013423,15.02649,62.169743,1.9073487e-07,[-0.058 -0.701 -0.013 -0.513 -0.812],0.66765404,-64.61395615077271,-1.3527539,-40.582626,100,0.01087394,26300,5.186689,10.98949,0.05186689,66.858505,-0.9867461,0.008482369
1.0158821,4286.090482473373,245.81902,8961593,367.4,0.7867776,1.5125362,264,0.0014441508,0.14441508,33.46885,62.50722,-1.8310546e-06,[-0.062 -0.704 -0.015 -0.517 -0.808],1.3654647,-70.82621828131511,-1.5422564,-46.267647,100,0.010158821,26400,5.5156174,15.808876,0.05515617,66.11412,-0.53128064,0.007867776
1.0001845,4305.179808855057,125.791725,9001236,396.43,0.27456188,1.0622623,265,0.0051386016,0.51386017,18.481426,92.99243,2.2888183e-07,[-0.071 -0.71  -0.017 -0.518 -0.81 ],0.25990117,-68.21634076795503,-1.3996025,-41.988075,100,0.010001846,26500,1.7293243,11.56602,0.017293243,94.13871,-1.1826147,0.0027456186
1.0029366,4325.106050491333,170.12883,9042207,409.71,0.89763516,1.8924859,266,0.0017213447,0.17213447,17.568417,55.523563,1.4495849e-06,[-0.07  -0.712 -0.017 -0.519 -0.817],1.5881642,-66.31333966154205,-1.3584456,-40.753414,100,0.010029366,26600,5.039611,12.291283,0.050396107,52.840553,-0.28061974,0.0089763515
1.2595538,4346.806156635284,287.81525,9084500,422.93,1.9897424,2.75383,267,0.000681771,0.068177104,16.96585,28.608086,-8.392334e-07,[-0.069 -0.716 -0.017 -0.517 -0.82 ],2.3370788,-62.90333589914697,-1.3108916,-39.32672,100,0.012595538,26700,11.630763,10.075889,0.11630763,36.313065,0.1616993,0.019897424
0.9887158,4367.559177398682,145.57986,9125866,413.66,0.2293911,1.0562737,268,0.0045845867,0.4584587,18.775957,94.89213,1.5258789e-06,[-0.064 -0.707 -0.011 -0.515 -0.809],0.25090468,-61.54422091936285,-1.8463013,-55.389076,100,0.009887157,26800,1.9613506,11.407033,0.019613504,94.67243,-1.646636,0.0022939108
1.0693778,4389.671016693115,205.76038,9165095,392.29,0.6245207,1.4075583,269,0.0019343303,0.19343303,18.084023,74.56786,-8.392334e-07,[-0.063 -0.703 -0.011 -0.513 -0.811],0.487625,-68.51240338896594,-1.3895512,-41.68651,100,0.0106937755,26900,3.3189466,11.952798,0.033189464,71.04501,-1.1609453,0.0062452066
1.0776069,4408.291346073151,233.65747,9206566,414.71,1.1192435,2.1839762,270,0.00064577215,0.064577214,14.504639,48.1054,2.2888183e-07,[-0.061 -0.703 -0.012 -0.51  -0.81 ],1.6995941,-74.29913017581616,-1.1980278,-35.940838,100,0.010776067,27000,7.0615478,9.308818,0.07061548,45.788044,-0.0708853,0.0111924345
1.1204948,4425.143139839172,165.76985,9244953,383.87,0.9198207,1.7506098,271,0.0014911281,0.14911282,20.219303,59.741215,3.0517577e-07,[-0.052 -0.705 -0.012 -0.517 -0.813],2.2104986,-68.50987963432533,-1.4286022,-42.858074,100,0.011204949,27100,5.450144,13.731839,0.054501437,57.122955,0.32030594,0.009198207
0.9661386,4443.515675783157,128.79892,9285837,408.84,0.4277005,1.22398,272,0.0016545042,0.16545042,20.152168,83.61379,-1.335144e-06,[-0.057 -0.705 -0.013 -0.512 -0.819],0.7306589,-65.99566819672998,-1.5014235,-45.042664,100,0.009661385,27200,2.217711,12.4891815,0.02217711,81.70068,-0.93041897,0.004277005
1.4883647,4461.214178085327,604.97614,9329753,439.16,2.9749548,4.0391383,273,0.00011205483,0.011205483,21.910778,20.019093,1.14440915e-07,[-0.064 -0.705 -0.016 -0.51  -0.827],4.512324,-65.55564507390417,-1.5532023,-46.596073,100,0.014883649,27300,20.779665,11.123901,0.20779665,24.757755,1.3907583,0.029749546
5.0444655,4479.266486406326,291013.22,9372428,426.75,45.11983,260.56848,274,2.1504034e-06,0.00021504033,27.826683,1.2345265,-8.010864e-07,[-0.072 -0.715 -0.014 -0.516 -0.825],52.053566,-61.95975106031338,-1.2285798,-36.85736,100,0.050444655,27400,453.86844,11.215548,4.5386844,0.38377628,32.221687,0.45119834
5.077114,4497.990599155426,209187.08,9412007,395.79,40.592934,276.97815,275,1.4386846e-06,0.00014386847,23.218765,1.5402519,9.155273e-07,[-0.059 -0.714 -0.024 -0.514 -0.835],47.35587,-74.58909095585564,-1.2134732,-36.40422,100,0.05077114,27500,407.5386,11.278671,4.075386,0.3610393,27.160435,0.40592933
4.8935823,4520.037726402283,146830.34,9455481,434.74,39.052242,249.67973,276,3.617379e-06,0.0003617379,26.763323,1.54595,1.6021728e-06,[-0.062 -0.711 -0.011 -0.512 -0.832],39.361565,-67.65229093448058,-1.1396286,-34.188904,100,0.04893582,27600,391.90848,9.20029,3.9190848,0.40051308,21.353975,0.39052242
1.1393318,4539.7985227108,428.7614,9495290,398.09,1.7166811,2.9613814,277,0.00017309125,0.017309126,24.081263,30.578447,-1.3732911e-06,[-0.064 -0.71  -0.024 -0.514 -0.84 ],2.065017,-75.73954721405961,-1.2906152,-38.718414,100,0.011393318,27700,10.105577,12.396148,0.10105577,33.768024,-0.15595722,0.01716681
1.1358322,4558.3550436496735,717.2505,9535642,403.52,1.4527435,3.5161543,278,0.0009481304,0.09481304,29.151209,37.938095,-7.6293944e-08,[-0.068 -0.713 -0.02  -0.52  -0.842],2.61937,-66.73175765081294,-1.3937597,-41.812798,100,0.011358322,27800,7.8659844,11.698379,0.07865984,28.440163,0.00587368,0.014527435
1.0334153,4584.960574150085,101.81647,9578918,432.76,0.85021544,1.8345338,279,0.00095154834,0.09515484,16.333393,59.634754,2.0217894e-06,[-0.078 -0.72  -0.02  -0.519 -0.84 ],1.3341525,-64.62126179284932,-1.3742602,-41.227863,100,0.010334153,27900,4.6880455,10.416635,0.046880454,54.50976,-0.52721643,0.008502154
1.1011834,4608.638396024704,598.6179,9624688,457.7,2.2270217,3.6483123,280,0.00016171798,0.016171798,21.426815,19.646132,-3.8146973e-07,[-0.079 -0.721 -0.016 -0.518 -0.839],2.1307225,-61.21387625276573,-1.2017043,-36.05111,100,0.011011834,28000,15.294529,9.115985,0.15294528,27.409933,-0.16459823,0.022270216
20.69645,4635.484991073608,2906120.5,9664784,400.96,198.60071,494.2973,281,3.043531e-05,0.0030435312,23.435204,1.0743338,1.9073487e-07,[-0.078 -0.722 -0.017 -0.525 -0.84 ],169.37013,-70.51031457324807,-1.3654244,-40.962746,100,0.2069645,28100,1996.568,12.768852,19.96568,0.2023074,139.01292,1.9860067
1.0123473,4660.655065774918,151.78122,9709309,445.25,0.24378671,1.0699649,282,0.004939322,0.4939322,35.0984,94.51876,-3.8146973e-07,[-0.064 -0.718 -0.004 -0.515 -0.848],0.12366004,-62.52508534841932,-1.4317378,-42.952126,100,0.0101234745,28200,2.0696144,11.370964,0.020696145,93.46101,-1.3573164,0.002437867
2.4651253,4679.280011177063,49233.89,9753265,439.56,18.449259,94.18754,283,9.5019095e-06,0.000950191,23.73074,1.7540213,1.8310546e-06,[-0.065 -0.718 -0.005 -0.516 -0.848],21.138939,-65.59441966657776,-1.2602135,-37.806465,100,0.024651255,28300,185.63353,10.297313,1.8563353,1.0617115,8.908513,0.18449259
2.5391824,4698.007634401321,3657.6426,9793885,406.2,8.764115,12.797625,284,3.946956e-05,0.0039469562,20.81688,7.7440166,8.010864e-07,[-5.501e-02 -7.074e-01 -7.256e-05 -5.208e-01 -8.458e-01],10.466107,-69.44799553546416,-1.21187,-36.356125,100,0.025391823,28400,62.00579,10.994701,0.6200579,7.81395,6.130789,0.08764116
1.5028306,4716.59110045433,5023.0127,9835182,412.97,3.8197596,8.85238,285,4.624903e-05,0.004624903,26.701271,13.404303,-5.1498415e-07,[-0.071 -0.723  0.001 -0.529 -0.85 ],8.45418,-64.55592244294438,-1.2713912,-38.141716,100,0.015028307,28500,30.050985,11.961793,0.30050984,11.296397,4.671418,0.0381976
1.0497442,4734.717669248581,1103.9333,9874877,396.95,2.1618981,4.7588983,286,0.00024343756,0.024343757,23.867928,19.079075,-1.1825562e-06,[-0.062 -0.714  0.005 -0.531 -0.862],4.4723034,-67.86570793224664,-1.3845141,-41.535385,100,0.010497442,28600,18.838224,13.7899275,0.18838224,21.013268,1.4520025,0.02161898
1.8420036,4751.599226236343,37333.96,9911281,364.04,10.79583,79.79617,287,9.097659e-06,0.00090976595,23.126276,2.8288262,4.5776366e-07,[-0.064 -0.711 -0.002 -0.53  -0.85 ],18.295584,-71.90338368996541,-1.3544672,-40.634018,100,0.018420037,28700,107.81292,14.872436,1.0781292,1.2531929,6.1963024,0.1079583
0.9974382,4772.676616191864,126.089294,9953305,420.24,0.5005173,1.3503629,288,0.0023729587,0.23729588,21.12796,79.88459,4.959106e-07,[-0.063 -0.717 -0.012 -0.526 -0.851],0.8478826,-62.41213489507717,-1.57107,-47.13211,100,0.009974382,28800,2.778417,11.715824,0.02778417,74.05417,-0.97778153,0.005005173
11.009608,4793.3878445625305,2154461.2,9990578,372.73,105.5799,531.79364,289,1.5728245e-06,0.00015728245,20.821957,1.0756834,-2.0980835e-06,[-0.059 -0.72  -0.011 -0.525 -0.844],145.78717,-76.37837451945238,-1.3083403,-39.25015,100,0.11009608,28900,1061.4954,13.494731,10.614953,0.18804286,115.616035,1.0557989
1.0300599,4813.811521530151,178.71686,10033973,433.95,0.44923595,1.1949339,290,0.002704519,0.2704519,19.76627,84.01908,6.1035155e-07,[-0.04  -0.69  -0.006 -0.501 -0.843],0.25231513,-65.75213555460478,-1.287898,-38.63695,100,0.010300601,29000,2.404794,10.425218,0.02404794,83.68664,-1.1555257,0.004492359
2.1483574,4832.252068758011,20310.088,10075619,416.46,12.905314,31.871742,291,7.838578e-06,0.0007838579,19.404303,2.6965237,-9.918213e-07,[-0.04  -0.689 -0.007 -0.502 -0.843],14.08962,-64.51579462069449,-1.3386648,-40.15992,100,0.021483574,29100,128.53119,11.426725,1.2853118,3.1375756,6.5321836,0.12905313
0.926643,4850.985548257828,274.00098,10114833,392.14,0.95035154,2.1573484,292,0.0009735933,0.09735934,18.080362,48.73709,7.6293946e-07,[-0.038 -0.684  0.003 -0.506 -0.851],1.4274894,-67.2068248009429,-1.5054871,-45.164627,100,0.009266429,29200,5.808776,10.915134,0.05808776,46.3532,-0.78375804,0.009503515
1.0801644,4871.102078199387,179.0922,10156946,421.13,0.9541239,1.6285694,293,0.0014014884,0.14014885,22.098875,56.17212,5.722046e-07,[-0.035 -0.685  0.005 -0.503 -0.853],1.1942472,-64.37324702389483,-1.2211185,-36.633568,100,0.010801644,29300,6.7591023,9.792234,0.06759102,61.403587,-0.36408877,0.009541239
1.006969,4890.76796913147,201.38676,10197815,408.69,0.8358642,1.5742002,294,0.0007789939,0.07789939,20.34261,59.20553,-1.8310546e-06,[-0.042 -0.686  0.004 -0.506 -0.849],2.1154275,-63.45040744580669,-1.467348,-44.02039,100,0.01006969,29400,4.901752,11.822166,0.04901752,63.524323,0.2743901,0.0083586415
1.1014584,4911.041496515274,361.68356,10235219,374.04,1.2159368,2.0739267,295,0.0011476845,0.11476846,22.971176,45.072075,-1.8310546e-06,[-0.05  -0.687  0.004 -0.505 -0.866],2.3398716,-74.36165179455233,-1.2313708,-36.941063,100,0.0110145835,29500,7.2244606,12.74896,0.07224461,48.217712,0.566561,0.012159367
7.308333,4931.207947015762,249066.64,10276129,409.1,63.74495,280.30145,296,2.1200696e-05,0.0021200697,24.035004,1.297399,5.912781e-07,[-0.036 -0.689  0.003 -0.509 -0.859],51.253513,-63.68404714585536,-1.286829,-38.60489,100,0.07308333,29600,641.00116,11.735802,6.4100113,0.35675877,29.709146,0.6374495
2.6715193,4948.436516523361,26021.635,10311133,350.04,16.865889,31.99632,297,2.9458319e-05,0.002945832,25.522713,2.4475765,-2.7465821e-06,[-0.046 -0.683 -0.006 -0.514 -0.86 ],17.806145,-70.08114124508637,-1.5313721,-45.941086,100,0.026715193,29700,169.75456,16.711004,1.6975455,3.1253593,9.143908,0.16865887
1.2702949,4967.8746910095215,426.0866,10350085,389.52,1.4737759,2.744882,298,0.00038757236,0.03875724,21.05124,42.625263,-9.155273e-07,[-0.032 -0.686  0.005 -0.514 -0.856],2.4634461,-69.6769189426507,-1.4035931,-42.10776,100,0.012702949,29800,7.6085315,12.608005,0.076085314,36.43144,0.13801908,0.014737759
0.9506422,4987.149092912674,102.1508,10391842,417.57,0.7820298,1.8927624,299,0.0011131098,0.111310974,16.943716,59.64007,4.5776366e-07,[-0.041 -0.69   0.006 -0.512 -0.859],1.4905262,-63.495983657931674,-1.1864476,-35.59344,100,0.009506421,29900,4.6472287,8.847394,0.046472285,52.832832,-0.14176166,0.007820298
1.0113238,5009.134259939194,167.22682,10428051,362.09,0.10175864,1.0137298,300,0.007157286,0.71572864,23.416063,98.99775,1.8310546e-06,[-0.04  -0.686  0.004 -0.513 -0.86 ],0.12927604,-68.7981366433954,-1.305691,-39.170784,100,0.0101132365,30000,1.2509362,12.773584,0.012509361,98.645615,-1.1853496,0.0010175863
1.3852292,5030.52771282196,546.8925,10463894,358.43,1.4614805,2.3142962,301,0.0005991581,0.059915815,21.865799,47.32334,4.5776366e-07,[-0.042 -0.683  0.004 -0.511 -0.861],1.7861974,-61.41990519180544,-1.3960564,-41.8817,100,0.013852294,30100,9.539956,15.06776,0.09539956,43.20968,-0.33759737,0.014614805
0.99775934,5055.640887975693,200.62318,10499436,355.42,0.14695805,1.0225006,302,0.006908233,0.6908233,31.531755,97.8767,-2.0599366e-06,[-0.044 -0.682  0.004 -0.516 -0.852],0.07878953,-68.34832469835581,-1.237498,-37.124863,100,0.009977593,30200,1.4614356,14.564656,0.014614355,97.79945,-1.1725507,0.0014695805
1.1059809,5079.0508987903595,4017.8333,10535773,363.37,4.0762186,13.466003,303,2.1827096e-05,0.0021827098,25.167816,6.856946,-1.1825562e-06,[-0.043 -0.682  0.004 -0.515 -0.852],6.5228815,-71.70471500889819,-1.3509518,-40.52852,100,0.011059807,30300,40.553757,12.66832,0.40553755,7.4261084,1.5654259,0.040762182
1.8378439,5097.945241212845,34622.26,10574150,383.77,11.411873,41.7612,304,8.108142e-06,0.00081081415,22.217936,2.528035,2.5939942e-06,[-0.045 -0.68   0.012 -0.508 -0.854],17.520554,-70.40640012425423,-1.2131014,-36.39312,100,0.018378438,30400,114.456825,10.619136,1.1445682,2.3945673,9.681123,0.11411872
1.969562,5117.8006801605225,9285.056,10613625,394.75,7.33805,21.380459,305,2.524294e-06,0.0002524294,21.171387,6.719959,1.14440915e-07,[-3.817e-02 -6.827e-01  5.370e-04 -5.104e-01 -8.527e-01],8.989565,-60.30001129723,-1.342349,-40.27047,100,0.01969562,30500,65.68429,12.617915,0.6568429,4.677168,2.7826762,0.07338051
5.6191034,5135.182965993881,38614.168,10648801,351.76,46.74337,69.07385,306,7.0182964e-06,0.0007018297,26.076717,1.4245017,-1.6784668e-06,[-0.046 -0.678  0.008 -0.514 -0.861],23.578794,-69.54857692909539,-1.6788282,-50.364788,100,0.05619103,30600,469.75653,14.673983,4.697565,1.4477258,9.625954,0.46743366
1.1583873,5154.931667089462,340.58228,10687621,388.2,1.3160388,3.3209362,307,0.00047385774,0.047385775,18.690609,43.654514,-5.340576e-07,[-0.053 -0.686  0.012 -0.508 -0.855],3.4607973,-75.49893028382375,-1.5547882,-46.64363,100,0.011583874,30700,6.1205015,10.2529745,0.061205015,30.11199,0.62743974,0.013160388
1.348339,5176.204613447189,1255.8125,10726369,387.48,4.549078,7.8413258,308,6.5291446e-05,0.0065291445,21.836195,8.0757265,9.918213e-07,[-0.053 -0.684  0.006 -0.51  -0.861],5.7099066,-67.13287912902965,-1.4218962,-42.656914,100,0.013483389,30800,36.196514,12.581189,0.36196512,12.752946,1.7282581,0.04549078
1.3455523,5197.482275247574,2287.1184,10768098,417.29,3.4744744,5.663817,309,0.0005448531,0.05448531,27.09783,13.041696,7.724762e-07,[-0.056 -0.683  0.013 -0.505 -0.858],4.998637,-71.55812146384288,-1.2743932,-38.23182,100,0.013455523,30900,33.108616,9.877922,0.33108616,17.655937,1.9657357,0.034744743
1.0687625,5220.370872974396,190.15378,10810320,422.22,0.6876709,1.5373029,310,0.0019099058,0.19099058,22.92487,70.721436,1.5258789e-07,[-0.052 -0.682  0.006 -0.502 -0.843],0.8803562,-62.221149468410594,-1.4294798,-42.8844,100,0.010687624,31000,4.1618137,12.1017065,0.041618135,65.04899,-0.89202785,0.0068767094
1.0110251,5243.4966776371,1734.7474,10851973,416.53,2.9089031,7.576279,311,0.00015743583,0.015743583,23.43723,10.777982,4.5776366e-07,[-0.053 -0.685  0.009 -0.502 -0.838],5.665684,-73.37422565337435,-1.1778946,-35.336845,100,0.010110252,31100,27.060799,10.445008,0.27060798,13.199091,2.423524,0.029089028
1.7485467,5265.572577953339,2754.6304,10895776,438.03,4.8276806,9.376494,312,0.00018226703,0.018226704,15.115391,11.596972,-1.5258789e-06,[-0.041 -0.685  0.003 -0.5   -0.83 ],8.41396,-62.33042750208876,-1.3346646,-40.039894,100,0.017485468,31200,38.721497,10.010256,0.38721496,10.664967,4.32708,0.0482768
25.655594,5287.281865119934,1458270.2,10936763,409.87,248.6373,516.2004,313,4.4830135e-06,0.00044830138,19.476406,1.0534937,-1.4877319e-06,[-0.042 -0.675  0.005 -0.502 -0.839],122.493065,-61.99185938810056,-1.3465743,-40.397194,100,0.25655597,31300,2499.5117,11.312515,24.995117,0.19372322,91.898865,2.486373
1.1407901,5309.703483819962,271.4984,10979156,423.93,1.4606338,2.541856,314,0.00066280103,0.066280104,19.347881,37.88815,1.2779236e-06,[-0.069 -0.683  0.001 -0.496 -0.851],1.8365374,-64.41257312437091,-1.5026314,-45.07898,100,0.011407902,31400,10.643988,10.52878,0.10643987,39.34133,-0.55913997,0.014606336
0.8193793,5334.799506664276,305.94998,11022252,430.96,0.91780806,2.0977607,315,0.0011371184,0.11371184,23.933565,44.352142,-8.5830686e-07,[-0.069 -0.686 -0.004 -0.501 -0.855],1.2820319,-65.09687485100405,-1.3115125,-39.345352,100,0.008193794,31500,7.8645144,11.192071,0.07864514,47.66988,-0.6175157,0.009178081
1.1580244,5355.967762708664,323.8155,11062815,405.63,1.5801625,3.3423955,316,0.00019575351,0.019575352,18.430586,34.941208,3.4332277e-07,[-0.061 -0.681 -0.006 -0.499 -0.854],3.346911,-66.35009198262243,-1.3865044,-41.595142,100,0.011580243,31600,9.105208,13.643173,0.091052085,29.918661,0.8120725,0.015801627
1.0719455,5380.337851762772,113.78101,11106051,432.36,0.7752833,1.494418,317,0.0013332188,0.13332188,18.829472,65.65606,-1.7166138e-07,[-0.057 -0.678 -0.007 -0.491 -0.856],1.2885807,-63.02923632567393,-1.4340316,-43.02094,100,0.010719456,31700,5.4233723,10.196873,0.054233722,66.91568,-0.46447086,0.0077528334
2.2850015,5401.693515777588,6225.868,11146956,409.05,11.116399,8.836902,318,0.00015003583,0.015003583,18.41101,4.0538926,1.2969971e-06,[-0.056 -0.682 -0.004 -0.495 -0.862],9.052361,-70.0390638531038,-1.428911,-42.867367,100,0.022850018,31800,110.91373,11.896282,1.1091373,11.316183,4.8046436,0.11116398
1.9745352,5425.353887796402,5707.127,11190511,435.55,10.035874,39.105328,319,4.0501095e-06,0.00040501097,23.070555,3.7267072,5.722046e-07,[-0.051 -0.674  0.004 -0.49  -0.844],11.472189,-61.88725369693204,-0.78256637,-23.477007,100,0.019745352,31900,97.88577,9.074138,0.9788577,2.5571964,6.5784655,0.10035874
3.2737222,5447.628962278366,6888.171,11230495,399.84,24.208189,15.594941,320,9.853436e-05,0.009853436,21.84583,1.7959266,1.2969971e-06,[-0.048 -0.669 -0.003 -0.495 -0.845],9.107979,-63.262513646006056,-1.3010511,-39.031578,100,0.032737214,32000,243.91016,12.918242,2.4391015,6.412336,3.970066,0.24208191
2.4631906,5468.096068382263,93671.46,11269231,387.36,15.554541,77.09632,321,1.4724252e-05,0.0014724252,31.849339,2.4463859,-1.2207031e-06,[-0.026 -0.667  0.006 -0.498 -0.856],30.325096,-69.31110522761867,-1.4946704,-44.840073,100,0.024631906,32100,155.42578,13.323061,1.5542578,1.2970787,17.201225,0.15554543
1.0483057,5489.757239818573,187.24562,11304336,351.05,1.1085846,1.8733994,322,0.0014605921,0.14605922,25.21197,47.207474,9.536743e-07,[-0.035 -0.67   0.005 -0.51  -0.856],1.4045575,-69.20969649437419,-1.2617441,-37.85235,100,0.010483057,32200,8.370375,12.690158,0.08370374,53.378902,-0.32242024,0.0110858455
1.0244752,5510.161607027054,233.58542,11340436,361.0,0.43389133,1.1854644,323,0.0021985855,0.21985856,22.762308,84.79076,-9.155273e-07,[-0.036 -0.671  0.005 -0.506 -0.856],0.30235147,-68.15267007997276,-1.2769284,-38.307823,100,0.010244752,32300,2.7558002,14.13595,0.027558003,84.355125,-1.0879548,0.0043389136
1.093592,5528.227130174637,235.88045,11375224,347.88,0.83769155,1.8493277,324,0.0010678301,0.10678302,30.319862,63.02165,1.3732911e-06,[-0.035 -0.669  0.006 -0.508 -0.856],1.8753159,-68.14032574697835,-1.3763895,-41.291718,100,0.01093592,32400,4.921993,14.0079775,0.049219925,54.073704,0.0035623312,0.008376915
1.2403406,5550.42701125145,1323.916,11412396,371.72,3.3242002,6.090958,325,0.00015379998,0.015379999,27.368462,12.22079,2.3651123e-06,[-0.035 -0.673  0.001 -0.509 -0.858],4.2150164,-62.60629811131643,-1.410304,-42.30919,100,0.012403407,32500,28.658611,14.798573,0.2865861,16.417778,0.7343991,0.033242002
0.94505805,5573.153279066086,454.3121,11451305,389.09,1.3964483,2.889451,326,0.0003535846,0.03535846,27.176014,31.412981,-9.918213e-07,[-0.04  -0.682  0.005 -0.509 -0.858],1.9405962,-70.05806810216247,-1.4929869,-44.789574,100,0.00945058,32600,11.522573,13.238591,0.11522573,34.60865,-0.59723866,0.013964483
1.0035477,5597.4433834552765,156.85481,11490216,389.11,0.5757893,1.3246694,327,0.0029958242,0.29958242,24.947687,75.2336,-7.6293944e-08,[-3.912e-02 -6.798e-01 -5.033e-04 -5.090e-01 -8.677e-01],1.1738758,-64.44644244214712,-1.5008625,-45.02587,100,0.010035477,32700,4.7901506,11.461952,0.047901504,75.49054,-0.55353093,0.0057578925
1.0032827,5619.259330511093,153.40828,11530087,398.71,0.35577494,1.1660918,328,0.0044230185,0.44230187,22.70819,88.829765,1.7547608e-06,[-4.295e-02 -6.726e-01 -4.458e-04 -5.016e-01 -8.667e-01],0.3902998,-64.18600983277106,-1.4073025,-42.219135,100,0.010032827,32800,2.1162233,12.685246,0.021162232,85.75654,-1.1293883,0.0035577496
1.4746643,5638.438718557358,4806.0854,11570379,402.92,7.0877466,9.780758,329,0.00012225095,0.012225095,28.053398,4.149213,6.294251e-07,[-0.042 -0.673 -0.003 -0.501 -0.867],7.479368,-65.34803105972581,-1.6091659,-48.274994,100,0.01474664,32900,71.11067,13.306848,0.7111067,10.224156,2.4468284,0.07087745
0.88455397,5664.5843279361725,1107.3751,11614300,439.21,2.1344097,6.043318,330,0.00016657815,0.016657814,23.82567,14.657459,-1.1444092e-06,[-0.045 -0.674 -0.003 -0.493 -0.855],4.613469,-65.38343294387175,-1.468945,-44.06832,100,0.00884554,33000,15.30082,11.218053,0.1530082,16.547201,1.0023403,0.021344095
1.8033932,5688.041408538818,2395.0056,11653501,392.01,5.2937527,8.196774,331,7.9646314e-05,0.007964632,29.986372,10.398458,-8.010864e-07,[-0.044 -0.671 -0.009 -0.493 -0.854],7.6849833,-63.44007744662902,-1.2586405,-37.759193,100,0.018033933,33100,50.149155,11.979515,0.50149155,12.199923,4.0814962,0.05293753
1.8246255,5708.58168387413,1514.1681,11690539,370.38,3.7625442,5.419654,332,0.00038070645,0.038070645,22.036032,19.039568,-6.8664554e-07,[-0.049 -0.671 -0.018 -0.497 -0.861],4.619481,-66.46118894525566,-1.5317894,-45.95366,100,0.018246256,33200,28.440836,13.842121,0.28440836,18.451363,1.0534542,0.03762544
1.0174432,5730.11563873291,98.780876,11733103,425.64,0.48599002,1.1988431,333,0.0035529127,0.35529128,21.44216,81.42279,-5.722046e-07,[-0.046 -0.672 -0.019 -0.49  -0.861],0.6418201,-66.60058768550287,-1.5032287,-45.09684,100,0.010174432,33300,2.994583,10.62466,0.029945828,83.41375,-1.0040897,0.0048599
1.0420704,5751.260560035706,159.50955,11771663,385.6,0.45453918,1.1541289,334,0.0031971133,0.31971133,32.70594,84.015236,1.2588501e-06,[-0.045 -0.679 -0.02  -0.494 -0.855],0.5697533,-80.19278814088784,-1.5164729,-45.494225,100,0.010420702,33400,2.9174743,11.999015,0.029174741,86.64543,-1.0594009,0.004545392
1.1477789,5775.575324296951,394.7918,11811818,401.55,1.4489349,2.2980976,335,0.0008221929,0.08221929,23.103516,38.556335,-1.0681152e-06,[-0.044 -0.672 -0.018 -0.489 -0.855],1.324569,-77.95189785439919,-1.5892463,-47.67736,100,0.011477787,33500,10.811258,9.509082,0.10811258,43.51425,-1.0846438,0.014489349
0.9978235,5796.584460735321,127.58586,11851068,392.5,0.622351,1.5599633,336,0.0024816273,0.24816273,16.363922,71.99361,4.959106e-07,[-0.045 -0.672 -0.014 -0.493 -0.85 ],1.5054357,-68.84299069932254,-1.2302761,-36.908302,100,0.009978234,33600,4.532943,11.7239065,0.045329425,64.10407,-0.031161427,0.00622351
1.0081322,5818.504484415054,154.76807,11891095,400.27,0.24688028,1.080621,337,0.005761044,0.5761044,24.214123,94.342255,1.3065338e-06,[-0.052 -0.671 -0.012 -0.492 -0.852],0.3673868,-65.66546556144144,-1.3505194,-40.515617,100,0.010081321,33700,1.8339481,12.372271,0.018339481,92.53938,-1.0365188,0.0024688027
1.10633,5845.323114871979,263.6032,11929114,380.19,0.7423025,1.3918369,338,0.0012994286,0.12994286,30.558168,68.95664,1.9073487e-07,[-0.051 -0.666 -0.011 -0.488 -0.851],2.0896633,-63.666698845395565,-1.390279,-41.708378,100,0.011063299,33800,6.141732,13.784788,0.061417323,71.847496,0.4494654,0.007423025
1.0705873,5868.815611600876,251.80293,11971036,419.22,0.8192732,1.5775806,339,0.0013499745,0.13499746,26.194939,63.06696,6.67572e-07,[-0.054 -0.665 -0.014 -0.487 -0.866],1.5442607,-60.841060648024815,-1.3543203,-40.629627,100,0.010705872,33900,6.6366715,12.356519,0.06636672,63.388206,-0.15679026,0.008192731
0.9842496,5890.898920536041,77.05478,12013871,428.35,0.7119795,1.277233,340,0.0030809913,0.30809915,20.679436,65.64833,-3.0517577e-07,[-0.047 -0.662 -0.01  -0.488 -0.867],1.0568857,-57.04554013325466,-1.2906213,-38.718636,100,0.0098424945,34000,5.798387,9.2288475,0.057983868,78.29425,-0.40170646,0.0071197953
1.1138719,5913.322544813156,233.3911,12054708,408.37,1.043599,2.1156344,341,0.0004995466,0.04995466,21.703335,53.253735,-3.8146972e-08,[-0.041 -0.663 -0.011 -0.489 -0.866],1.954961,-64.1601978578869,-1.1316262,-33.94878,100,0.0111387195,34100,5.5795093,10.532788,0.055795092,47.267143,0.30898583,0.01043599
1.0925921,5935.400540113449,1088.966,12095549,408.41,1.8427969,3.4013016,342,0.0002857308,0.02857308,23.67335,26.009726,-7.6293946e-07,[-0.04  -0.658 -0.007 -0.49  -0.859],2.442071,-55.64936926797581,-1.3854108,-41.562294,100,0.010925922,34200,12.977909,11.288218,0.12977909,29.400509,-0.11298752,0.01842797
0.9158695,5956.781865119934,156.14368,12133691,381.42,0.45075482,1.214086,343,0.0023071088,0.23071088,20.889585,80.50089,7.2479247e-07,[-0.038 -0.661 -0.012 -0.487 -0.85 ],0.7643699,-76.86962972450569,-1.1844214,-35.532658,100,0.009158695,34300,3.2225714,11.144533,0.032225713,82.366486,-0.54069215,0.004507548
1.2419901,5979.17311501503,529.0765,12174275,405.84,3.231727,4.4552603,344,0.00010345036,0.010345036,17.6353,12.868863,-1.2588501e-06,[-0.037 -0.652 -0.01  -0.482 -0.854],2.4965796,-70.1267274456823,-1.3405088,-40.21522,100,0.012419901,34400,31.113821,11.498937,0.3111382,22.445377,-0.33289456,0.03231727
5.728054,6001.411416292191,231003.4,12216222,419.47,51.02929,321.86578,345,3.3103368e-06,0.0003310337,16.458841,1.2443346,-3.4332277e-07,[-0.034 -0.654 -0.003 -0.48  -0.855],47.06325,-66.03034496731934,-1.149312,-34.479347,100,0.05728055,34500,513.3022,10.520222,5.133022,0.3106885,26.443892,0.51029295
1.4895779,6021.294920921326,1475.7065,12254594,383.72,3.944236,7.978368,346,6.771134e-05,0.006771134,22.42147,12.482349,1.1444092e-06,[-0.019 -0.65  -0.012 -0.475 -0.858],5.5211463,-75.32878434001049,-1.3378863,-40.136627,100,0.014895778,34600,35.104267,12.043754,0.35104266,12.533892,1.7421484,0.03944236
1.113297,6045.12101817131,261.24002,12293826,392.32,1.0579684,1.8393593,347,0.0014041362,0.14041363,30.917496,52.546574,5.722046e-07,[-0.021 -0.65  -0.008 -0.483 -0.857],1.2336644,-63.73938564773451,-1.3922479,-41.76745,100,0.011132969,34700,7.360893,12.031179,0.07360893,54.366756,-0.65454423,0.010579684
2.5882185,6070.811622142792,10102.366,12332172,383.46,17.493505,28.769785,348,4.9672723e-05,0.0049672723,19.725187,2.1421208,-5.340576e-07,[-0.018 -0.647 -0.005 -0.486 -0.861],11.892035,-62.5804279188053,-1.2982728,-38.94817,100,0.025882177,34800,174.14499,13.5504675,1.7414498,3.475869,4.92843,0.17493504
1.397013,6091.517270565033,8264.018,12370386,382.14,5.2810464,12.261582,349,2.8480785e-05,0.0028480785,17.340534,6.540125,-4.005432e-07,[-0.01  -0.644 -0.01  -0.476 -0.869],9.924582,-73.92953595526619,-1.5123434,-45.370277,100,0.013970129,34900,51.64137,11.777426,0.5164137,8.155554,4.6288805,0.052810464
1.9667337,6111.506346464157,1977.9113,12411410,410.24,6.6711965,5.883822,350,0.00015119622,0.0151196215,18.522251,7.996297,-1.4495849e-06,[-0.013 -0.641 -0.001 -0.472 -0.882],5.9717827,-60.339997555241,-1.2760571,-38.28167,100,0.01966734,35000,49.774918,11.070163,0.49774918,16.995756,2.8765068,0.06671197
0.9593593,6136.019869565964,113.551186,12455235,438.25,0.43231505,1.283024,351,0.002204304,0.2204304,33.74739,83.12092,-1.5258789e-07,[-0.026 -0.654 -0.004 -0.476 -0.885],0.54534304,-60.809378023616276,-1.2433753,-37.30125,100,0.009593592,35100,3.0540433,10.815766,0.030540433,77.940865,-0.86303604,0.0043231505
1.0913827,6159.083346605301,181.74925,12499039,438.04,0.72949535,1.7205058,352,0.0016754192,0.16754192,29.36322,69.11915,-3.528595e-07,[-0.029 -0.656 -0.002 -0.478 -0.886],1.3930999,-61.03489381534496,-1.1869483,-35.608437,100,0.010913827,35200,3.3079748,10.985118,0.033079747,58.12244,-0.16379654,0.007294954
1.9058167,6179.864386081696,8013.6904,12542290,432.51,8.810713,26.1652,353,7.5663054e-05,0.0075663053,26.471962,4.469729,7.2479247e-07,[-0.023 -0.654 -0.004 -0.476 -0.884],10.605487,-62.83689833115649,-1.3670793,-41.012405,100,0.019058166,35300,85.90244,10.721698,0.8590244,3.8218703,3.612608,0.08810712
1.0,6200.590430498123,53.429165,12587562,452.72,,1.0,354,0.01,1.0,16.424644,100.0,-1.8119812e-06,[-0.042 -0.654 -0.002 -0.468 -0.884],-1.7732382e-06,-64.80883793467567,-1.0412655,-31.23791,100,0.010000002,35400,1.0,7.2728863,0.01,100.0,-1.0412655,1.8626451e-09
2.6636312,6220.210201025009,31683.748,12630199,426.37,18.676023,68.00449,355,7.994092e-06,0.00079940923,18.038736,1.9935809,9.918213e-07,[-0.042 -0.654 -0.002 -0.468 -0.884],18.047707,-68.69035690763411,-1.3661957,-40.9859,100,0.026636312,35500,187.31361,9.625315,1.873136,1.470491,6.7813873,0.18676023
1.0724797,6241.121061563492,992.89417,12678144,479.45,3.058179,9.923683,356,0.00012959275,0.012959275,15.627514,10.951621,7.724762e-07,[-0.026 -0.65  -0.004 -0.458 -0.891],4.118874,-62.90736893732777,-1.0474381,-31.423166,100,0.010724799,35600,25.071712,7.4803133,0.25071713,10.076903,0.81924486,0.030581791
1.0014923,6258.718629360199,136.72362,12723967,458.23,0.730496,1.5785352,357,0.0018114927,0.18114927,18.972387,65.272644,-1.6784668e-06,[-1.890e-02 -6.401e-01 -5.052e-04 -4.594e-01 -8.831e-01],1.1229477,-57.30406522827076,-1.2964774,-38.89427,100,0.010014922,35700,4.0811677,9.096359,0.040811677,63.34987,-0.5059415,0.00730496
0.9807193,6276.271352529526,84.4536,12769059,450.92,0.25247684,1.0804782,358,0.005302778,0.5302778,18.872208,93.784386,-1.0871887e-06,[-0.017 -0.634 -0.002 -0.455 -0.882],0.28053334,-56.441617680580976,-1.1484512,-34.4535,100,0.009807194,35800,1.6192454,8.989558,0.016192453,92.55161,-0.9132352,0.0025247682
1.1712132,6293.179067134857,725.88165,12814743,456.84,2.1025186,5.6653132,359,0.00012852762,0.012852762,17.168335,23.682035,9.918213e-07,[-0.018 -0.629 -0.002 -0.451 -0.885],3.9789436,-59.574660106909185,-1.3393861,-40.18161,100,0.011712131,35900,11.728596,8.3580065,0.11728595,17.651274,0.79094553,0.021025185
1.0130458,6309.586530208588,167.51971,12856146,414.03,0.44613722,1.352291,360,0.0026201704,0.26201704,19.654919,83.75594,9.536743e-09,[-0.016 -0.626 -0.002 -0.457 -0.881],0.72226727,-64.06667271723562,-1.4277216,-42.83165,100,0.010130458,36000,2.472745,11.591636,0.024727449,73.94858,-0.93800247,0.004461372
1.1247857,6327.264273405075,362.7174,12898353,422.07,1.4166166,3.2933633,361,0.000243886,0.0243886,24.48016,38.666374,1.2207031e-06,[-0.015 -0.624 -0.003 -0.458 -0.881],2.9773552,-58.113440596385246,-0.8938578,-26.81577,100,0.011247857,36100,10.967157,8.537409,0.10967157,30.364096,1.3552134,0.014166166
1.2077428,6344.063316583633,496.53574,12937775,394.22,2.1014097,3.940814,362,0.00033662474,0.033662476,26.15722,24.82979,-2.670288e-06,[-0.026 -0.629 -0.008 -0.463 -0.888],2.0969872,-61.32960315363786,-1.263762,-37.91278,100,0.012077429,36200,19.24138,14.177829,0.1924138,25.375467,-0.4117627,0.021014096
0.99192977,6361.365929841995,122.610016,12982807,450.32,0.36369443,1.1659759,363,0.0042247167,0.42247167,17.750801,88.14962,-6.8664554e-07,[-0.03  -0.631 -0.004 -0.461 -0.889],0.4306699,-54.972943751390346,-1.4279616,-42.83883,100,0.009919298,36300,2.0535166,10.793143,0.020535165,85.76506,-1.1112477,0.003636944
1.5700843,6378.074910402298,4051.519,13026626,438.19,7.081455,13.905187,364,5.6322784e-05,0.0056322785,19.89008,4.6855392,1.1444092e-06,[-0.027 -0.628 -0.004 -0.459 -0.89 ],7.4125524,-54.059072937971195,-1.246974,-37.409256,100,0.015700843,36400,70.348595,9.5246,0.7034859,7.191561,2.7626243,0.07081455
1.3606393,6393.347677230835,246.66934,13069082,424.56,1.5236688,2.7431173,365,0.00086119433,0.086119436,18.918123,44.36571,1.4495849e-06,[-0.018 -0.619  0.001 -0.462 -0.895],2.1990738,-54.944310836190695,-1.3182876,-39.548668,100,0.013606394,36500,7.5436306,10.7702875,0.0754363,36.454876,0.01567626,0.015236687
1.0010594,6410.200782775879,113.76678,13112304,432.22,0.3375734,1.1497225,366,0.0022125107,0.22125107,29.738152,89.78959,-6.1035155e-07,[-0.023 -0.622 -0.001 -0.458 -0.9  ],0.4182717,-58.915399356996595,-1.6323109,-48.9693,100,0.010010595,36600,2.063866,10.176773,0.020638658,86.977516,-1.3319746,0.0033757342
10.300292,6426.834389448166,2020093.4,13155274,429.7,93.32585,510.22165,367,2.2433642e-06,0.00022433641,25.614967,1.2034744,-4.196167e-07,[-2.654e-02 -6.214e-01 -3.481e-04 -4.558e-01 -8.973e-01],144.8037,-55.87359729797245,-1.5072877,-45.218616,100,0.1030029,36700,938.2559,11.5311365,9.382559,0.19599324,110.75696,0.93325853
12.498048,6444.548107624054,1276049.9,13198171,428.97,120.46837,1180.5344,368,5.5297386e-07,5.5297387e-05,19.939095,1.0648512,-1.5258789e-07,[-0.058 -0.636 -0.003 -0.465 -0.902],111.48104,-58.98346721405866,-1.3341956,-40.025856,100,0.12498047,36800,1211.1143,10.513793,12.111142,0.0847074,65.63955,1.2046835
1.0371842,6460.528931617737,158.49927,13236378,382.07,0.54002285,1.3265527,369,0.0018370919,0.18370919,20.248535,78.672676,-7.6293946e-07,[-0.056 -0.623 -0.009 -0.47  -0.903],0.89919573,-57.788768222804755,-1.285068,-38.552017,100,0.010371842,36900,3.7614276,11.848964,0.037614275,75.383354,-0.5808943,0.005400229
1.6632586,6475.714270591736,2575.6677,13270806,344.28,4.3049164,7.470189,370,8.27099e-05,0.00827099,27.447023,12.988699,-7.6293944e-08,[-0.051 -0.617 -0.009 -0.467 -0.904],7.0931807,-60.726134802991844,-1.3389225,-40.16768,100,0.016632585,37000,33.73746,13.872945,0.3373746,13.386542,3.4336846,0.043049164
1.3419145,6491.093207836151,528.39813,13308227,374.21,3.1348846,3.9027643,371,0.00025451297,0.025451297,19.594707,15.485882,1.0681152e-06,[-4.399e-02 -6.231e-01 -4.581e-04 -4.719e-01 -8.976e-01],2.775989,-56.14574319798816,-1.4083698,-42.25112,100,0.013419144,37100,27.680061,14.658547,0.2768006,25.622864,-0.0063056946,0.031348843
2.971561,6506.266625881195,34724.895,13346612,383.85,20.223494,77.45238,372,3.1209358e-05,0.003120936,19.331814,2.1133928,-1.2207031e-06,[-0.04  -0.619  0.006 -0.467 -0.906],21.125263,-57.63419760785597,-1.4071134,-42.21336,100,0.029715613,37200,202.0152,12.600519,2.0201519,1.291116,8.741688,0.20223492
1.365187,6523.132788896561,1001.4785,13389898,432.86,6.1912246,8.233722,373,7.636441e-05,0.0076364414,17.789469,4.636735,2.0599366e-06,[-0.046 -0.622  0.007 -0.458 -0.907],3.737165,-61.22981762188962,-1.2230856,-36.69263,100,0.013651872,37300,62.232506,8.308771,0.62232506,12.145176,0.22758055,0.06191225
1.2828116,6538.018290281296,2462.9517,13429850,399.52,2.7884078,5.814635,374,0.00015639004,0.015639005,21.304016,17.467745,-1.1825562e-06,[-0.041 -0.618  0.012 -0.461 -0.912],5.0652757,-65.23317337417177,-1.3752922,-41.258728,100,0.012828115,37400,23.094997,12.094888,0.23094997,17.197985,1.7489603,0.027884077
1.3180928,6551.724198102951,1144.5879,13468137,382.87,3.2555575,5.5807915,375,0.00012604443,0.012604443,19.280403,14.083699,1.335144e-06,[-0.054 -0.624  0.013 -0.468 -0.906],4.5801134,-66.64414447512648,-1.4275832,-42.827538,100,0.013180929,37500,26.157528,12.486563,0.26157528,17.918606,1.2076306,0.032555576
1.0340687,6567.205101728439,108.232346,13511670,435.33,0.5584437,1.271048,376,0.0024285207,0.24285208,24.542208,77.420425,8.5830686e-07,[-0.045 -0.624  0.007 -0.464 -0.909],0.43071592,-53.13413152085355,-1.2897604,-38.692837,100,0.010340686,37600,3.4430783,10.574796,0.034430783,78.67524,-1.0233707,0.005584437
1.005481,6582.00653219223,163.89832,13552643,409.73,0.88672936,1.6014218,377,0.0009816014,0.09816014,18.489828,56.2512,-9.536743e-08,[-0.047 -0.624  0.005 -0.465 -0.91 ],0.8317567,-62.389651459859685,-1.2321616,-36.964844,100,0.01005481,37700,4.8098702,10.70976,0.048098702,62.444508,-0.72751033,0.008867294
1.2735777,6596.753495454788,373.06644,13592022,393.79,2.011828,3.0436754,378,0.00034461674,0.034461673,17.440882,28.609465,2.7656556e-06,[-0.041 -0.62   0.003 -0.462 -0.911],3.0408661,-63.21834409612918,-1.5800494,-47.40157,100,0.012735776,37800,16.154245,13.205083,0.16154245,32.855015,0.28428602,0.02011828
1.794452,6612.516502380371,1536.5995,13635059,430.37,3.9578257,10.453684,379,0.00016768949,0.01676895,12.942952,17.051378,6.1035155e-07,[-3.892e-02 -6.231e-01  2.310e-04 -4.579e-01 -9.160e-01],5.4193087,-59.434323997135316,-1.1718273,-35.15484,100,0.01794452,37900,30.69442,10.095329,0.3069442,9.566006,1.6305358,0.039578255
7.1374965,6628.265214681625,457846.25,13676051,409.92,65.02788,298.2367,380,6.279205e-07,6.279205e-05,22.149784,1.1903968,6.1035155e-07,[-4.279e-02 -6.222e-01 -6.116e-04 -4.652e-01 -9.147e-01],64.298454,-53.614808037239,-1.5000237,-45.000717,100,0.07137497,38000,653.87384,13.717883,6.5387383,0.33530414,38.393745,0.6502788
1.0516974,6641.7757160663605,274.19183,13711197,351.46,0.83754534,1.5193164,381,0.0010794738,0.10794738,27.258446,61.191544,3.8146973e-07,[-0.034 -0.621 -0.011 -0.468 -0.925],1.0089977,-71.42042336362145,-1.2111247,-36.33374,100,0.010516972,38100,6.0313425,13.167834,0.060313422,65.81908,-0.4838413,0.008375453
1.318617,6655.35617351532,472.16028,13745219,340.22,1.4008795,2.690716,382,9.456304e-05,0.009456304,26.829382,46.977837,-2.479553e-07,[-0.031 -0.616 -0.013 -0.465 -0.93 ],3.0927234,-74.42601039136602,-1.254488,-37.634632,100,0.013186171,38200,8.092523,14.9793825,0.080925226,37.16483,1.0349367,0.014008795
0.9640828,6668.30163192749,167.03386,13779573,343.54,0.3652679,1.1526352,383,0.0035799837,0.35799837,28.546606,87.44722,,[-0.045 -0.624 -0.018 -0.471 -0.936],0.54871356,-73.28503919079793,-1.4372143,-43.116417,100,0.009640827,38300,2.5428488,13.683307,0.025428487,86.75771,-0.99429166,0.003652679
2.484636,6682.99706196785,137216.28,13816273,367.0,14.544138,31.244253,384,3.2782464e-05,0.0032782466,25.319262,2.835675,-1.3732911e-06,[-0.042 -0.627 -0.017 -0.471 -0.939],33.615547,-67.57797890558037,-1.3922577,-41.767693,100,0.024846364,38400,145.6652,14.156669,1.456652,3.2005887,25.833313,0.14544138
1.1123848,6697.164788246155,289.69412,13851478,352.05,1.0080734,1.7569308,385,0.0012803435,0.12803435,17.367102,54.9074,-5.340576e-07,[-0.022 -0.616 -0.01  -0.473 -0.94 ],1.4503058,-62.369649180023906,-1.5558548,-46.67562,100,0.011123848,38500,6.5122676,14.133927,0.06512267,56.91744,-0.61196744,0.010080734
1.3839482,6711.67796087265,432.66446,13889794,383.16,1.5290416,1.7590241,386,0.0010428582,0.10428582,26.012623,45.03142,-7.6293944e-08,[-0.031 -0.62  -0.012 -0.472 -0.943],2.3084607,-62.71029282513594,-1.5387181,-46.161545,100,0.0138394805,38600,9.468099,13.16541,0.09468099,56.849705,0.26768637,0.015290416
1.1014763,6725.085187196732,454.3301,13924366,345.72,1.1808658,2.1811864,387,0.000551694,0.055169404,31.249844,46.525795,-9.155273e-07,[-0.038 -0.631 -0.015 -0.477 -0.939],1.4709302,-69.40733920646792,-1.3716712,-41.15011,100,0.011014762,38700,7.6513734,13.191598,0.07651373,45.846607,-0.55486786,0.011808657
1.0538542,6741.555760383606,229.19115,13959865,354.99,1.2019318,1.9349856,388,0.00076280383,0.076280385,19.608269,43.46382,2.1362305e-06,[-0.034 -0.626 -0.009 -0.478 -0.941],1.7511483,-70.99015048096773,-1.2999367,-38.99816,100,0.010538541,38800,10.043149,13.305122,0.10043149,51.67997,-0.057115316,0.012019317
0.94494855,6756.854370355606,190.96288,14000265,404.0,0.45555943,1.2728002,389,0.0020683163,0.20683165,22.904606,81.14117,-1.9073487e-07,[-0.039 -0.637 -0.011 -0.482 -0.949],0.8764931,-54.04140604923694,-1.4643648,-43.93094,100,0.009449485,38900,2.5068357,12.89273,0.025068356,78.566925,-0.7755804,0.004555594
1.0551277,6772.0162563323975,169.01251,14040041,397.76,0.3985085,1.1433945,390,0.0036114417,0.36114419,20.007664,87.51603,-1.4495849e-06,[-0.032 -0.635 -0.01  -0.481 -0.955],0.28107995,-60.53089298672566,-1.4798203,-44.39456,100,0.010551277,39000,2.9423122,12.459456,0.029423121,87.45888,-1.3012848,0.003985085
0.9802029,6785.795044183731,156.96732,14080074,400.33,0.36131293,1.0971403,391,0.004186511,0.4186511,24.75194,88.03798,1.6021728e-06,[-0.031 -0.635 -0.008 -0.48  -0.956],0.28889936,-54.48014437617325,-1.5138444,-45.415382,100,0.009802029,39100,2.729271,12.612394,0.027292708,91.14604,-1.2967708,0.0036131293
0.91587996,6803.449812889099,110.24966,14123636,435.62,0.62690467,1.6026032,392,0.0015794955,0.15794955,17.944817,68.095894,,[-0.028 -0.633 -0.007 -0.479 -0.957],1.0229614,-49.71458155166052,-1.3109503,-39.328503,100,0.0091587985,39200,4.3153753,10.68171,0.04315375,62.39848,-0.6366223,0.0062690466
0.9666453,6817.048780202866,141.2873,14162924,392.88,0.30050388,1.105261,393,0.0044474406,0.44474405,20.727478,91.18746,4.5776366e-07,[-0.027 -0.633 -0.011 -0.478 -0.957],0.5761244,-60.727217705340465,-1.4088511,-42.26555,100,0.009666452,39300,2.1918824,11.368798,0.021918824,90.47637,-0.90502095,0.003005039
119.90695,6832.3009033203125,139522380.0,14203959,410.35,1185.4203,30087.715,394,8.0435353e-07,8.0435355e-05,21.465729,1.0127987,2.2888183e-07,[-0.028 -0.627 -0.01  -0.474 -0.962],1184.5317,-58.680700048377965,-1.3960202,-41.880608,100,1.1990696,39400,11914.647,11.856549,119.14647,0.0033236158,942.38074,11.854201
0.9716421,6846.640653133392,195.45988,14238101,341.42,0.6344761,1.4810377,395,0.0016233054,0.16233054,25.563557,70.10653,1.0681152e-06,[-0.013 -0.614  0.002 -0.478 -0.957],1.4799471,-69.64661541787268,-1.5231439,-45.69435,100,0.009716419,39500,4.0509224,14.530593,0.040509224,67.520226,-0.37368834,0.006344761
1.0183742,6860.862941980362,264.41498,14271960,338.59,0.649409,1.4573288,396,0.0016180306,0.16180307,24.30003,71.09086,7.6293944e-08,[-0.023 -0.615  0.002 -0.477 -0.955],1.7382166,-63.60955580180134,-1.3957413,-41.872246,100,0.010183742,39600,3.7881064,16.843012,0.037881065,68.6187,0.05327928,0.0064940895
15.4407625,6876.286021709442,7958212.5,14310400,384.4,148.00728,4913.4927,397,9.557033e-08,9.557033e-06,18.956291,1.076639,-8.010864e-07,[-0.025 -0.616  0.001 -0.474 -0.958],279.29358,-59.41335693997987,-1.4311024,-42.933044,100,0.15440762,39700,1488.0142,13.034654,14.880141,0.020352121,178.97864,1.4800729
2.3822286,6891.25489616394,102271.87,14341134,307.34,11.240191,49.7424,398,3.5571542e-05,0.0035571542,28.51972,4.2987027,-6.1035155e-07,[-0.029 -0.617  0.003 -0.489 -0.962],32.854862,-68.8863176480267,-1.6420189,-49.260548,100,0.023822285,39800,111.75341,17.570562,1.117534,2.0103574,21.273987,0.1124019
1.0157912,6904.690253019333,703.8955,14371509,303.75,1.2971556,3.167585,399,0.00028028764,0.028028766,23.497366,38.01264,4.5776366e-07,[-0.042 -0.633 -0.006 -0.5   -0.964],3.2341018,-75.27553371705048,-1.4557204,-43.67164,100,0.010157912,39900,9.531903,17.310764,0.09531903,31.569794,0.6432512,0.012971555
5.4348426,6921.999226331711,1507137.5,14401536,300.27,40.78795,1151.2064,400,6.5134623e-06,0.0006513462,36.232105,1.7444844,-5.912781e-07,[-4.149e-02 -6.346e-01  7.509e-04 -5.008e-01 -9.657e-01],132.31902,-72.60890289927328,-1.3566523,-40.699547,100,0.05434844,40000,409.3657,17.662699,4.093657,0.086865395,86.2886,0.4078796
1.0190698,6934.079828500748,337.86288,14431338,298.02,0.48585486,1.2545903,401,0.0032424026,0.32424027,24.96991,81.47948,-7.2479247e-07,[-0.075 -0.641 -0.005 -0.502 -0.965],0.71467125,-74.61058271466031,-1.2444061,-37.33216,100,0.010190696,40100,3.2763805,16.08143,0.032763805,79.7073,-0.6791686,0.0048585483
1.0973077,6945.812723398209,636.8466,14459146,278.08,1.0286233,1.8437847,402,0.0012536304,0.12536304,28.761946,53.22743,1.3732911e-06,[-0.071 -0.641 -0.003 -0.505 -0.971],3.9233644,-79.25154516905408,-1.4444304,-43.332947,100,0.010973077,40200,6.679313,17.874332,0.06679313,54.236267,1.962028,0.010286233
0.99450034,6958.598172426224,258.6209,14490137,309.91,0.12421157,1.0235215,403,0.0072008846,0.7200885,23.269827,98.46398,-7.6293944e-08,[-6.615e-02 -6.447e-01  6.491e-05 -5.039e-01 -9.762e-01],0.08276081,-75.0724951005879,-1.4967963,-44.903885,100,0.009945003,40300,1.4272413,16.447443,0.014272413,97.701904,-1.4315364,0.0012421156
1.7018188,6969.84558057785,7827.384,14521000,308.63,7.4815216,16.581816,404,5.11349e-05,0.00511349,25.135353,4.9196854,-1.2207031e-06,[-6.606e-02 -6.452e-01 -7.520e-05 -5.033e-01 -9.762e-01],10.422766,-69.08831742610163,-1.4222552,-42.667603,100,0.017018188,40400,74.56145,15.629282,0.74561447,6.0307026,4.631239,0.07481521
1.2302899,6981.868163824081,17322.004,14550202,292.02,4.019844,15.862462,405,2.4363486e-05,0.0024363487,40.02198,8.56467,1.6403199e-06,[-0.064 -0.644 -0.006 -0.51  -0.985],13.332659,-70.823175679989,-1.3783455,-41.350403,100,0.0123029,40500,32.178223,18.458872,0.32178223,6.3041916,7.843019,0.040198438
1.282807,6996.406238794327,710.33435,14585614,354.12,1.7473416,3.084502,406,0.0006376393,0.06376393,24.755503,35.0216,3.6239624e-07,[-5.964e-02 -6.457e-01 -8.244e-05 -5.034e-01 -9.862e-01],4.7812147,-63.621139412421925,-1.4005418,-42.01626,100,0.012828069,40600,10.594779,14.071961,0.105947785,32.420143,2.3214777,0.017473416
1.2065609,7009.788978815079,778.6853,14621544,359.3,1.472382,3.116195,407,0.00044774212,0.044774212,25.534897,40.17413,1.8692017e-06,[-0.063 -0.656 -0.004 -0.506 -0.98 ],2.8540175,-64.29761362034047,-1.3789091,-41.367325,100,0.012065607,40700,9.165826,16.05712,0.09165826,32.09042,0.41986108,0.014723821
0.90898097,7023.51652097702,255.71793,14655770,342.26,0.7841339,1.8870783,408,0.00082202425,0.08220243,19.24926,57.33393,-4.5776366e-07,[-0.065 -0.662 -0.011 -0.509 -0.98 ],1.5779532,-67.50127670851356,-1.5960002,-47.879997,100,0.009089809,40800,4.5804234,15.869312,0.045804232,52.991974,-0.6144873,0.007841338
1.5617325,7037.389754533768,2740.1543,14691694,359.24,4.818758,12.179403,409,0.000102020764,0.010202076,23.411911,9.505306,4.5776366e-07,[-0.068 -0.666 -0.012 -0.508 -0.977],6.3747873,-67.12294893571622,-1.4238055,-42.714176,100,0.015617327,40900,36.893234,14.615687,0.36893234,8.210583,1.4058466,0.048187584
2.2327547,7050.580314397812,38963.63,14724948,332.54,9.666765,67.92765,410,5.262139e-06,0.0005262139,25.359314,5.0646305,2.2888185e-06,[-0.069 -0.676 -0.009 -0.521 -0.971],22.163582,-62.551973682446125,-1.3403417,-40.21032,100,0.022327548,41000,90.82586,17.837358,0.90825856,1.4721545,11.116703,0.09666765
1.0827785,7063.078327178955,1242.78,14758647,336.99,1.8759947,5.480191,411,2.4513052e-05,0.0024513053,23.01114,24.988655,1.9073487e-07,[-0.064 -0.68   0.001 -0.527 -0.974],4.3544683,-69.97414592932762,-1.358021,-40.74063,100,0.010827784,41100,16.287771,14.63514,0.16287771,18.247538,1.1753671,0.018759947
2.8784952,7075.961620807648,108256.32,14793072,344.25,20.614239,198.81165,412,2.4080123e-07,2.4080124e-05,26.955631,1.9125379,-2.0599366e-06,[-0.057 -0.684  0.004 -0.524 -0.979],29.688036,-70.73620241317296,-1.266465,-37.99389,100,0.028784959,41200,207.5332,15.354615,2.075332,0.50298864,11.830835,0.20614235
1.419289,7090.175006151199,2335.9324,14831678,386.06,5.0278206,7.869746,413,0.00014175057,0.014175057,18.58119,7.3804803,-1.0681152e-06,[-0.07  -0.682  0.014 -0.52  -0.977],4.7770305,-68.16541557356476,-1.5691214,-47.07361,100,0.0141928885,41300,48.34935,11.768743,0.48349348,12.70689,0.3751669,0.0502782
1.4015155,7104.660560846329,483.28867,14871891,402.13,3.5332768,3.7570853,414,0.00035616095,0.035616096,18.929893,13.595002,-3.4332277e-07,[-0.078 -0.682  0.009 -0.514 -0.979],2.3399386,-61.65938773791756,-1.3395573,-40.18671,100,0.014015152,41400,31.920776,10.560108,0.31920776,26.616377,-0.25655174,0.035332773
1.5589944,7121.404186964035,1269.8016,14913434,415.43,3.6553445,7.746168,415,0.00014370434,0.014370435,26.089495,15.39047,1.5258789e-06,[-0.08  -0.683  0.013 -0.511 -0.969],4.050034,-70.67694121656977,-1.3767514,-41.30259,100,0.015589943,41500,27.051052,12.111915,0.27051052,12.909609,0.21826339,0.036553442
0.9704231,7135.907272338867,195.33217,14951817,383.83,0.40270975,1.3051028,416,0.0026666315,0.26666316,27.09559,85.308846,-1.0681152e-06,[-0.084 -0.683  0.006 -0.513 -0.967],1.1216561,-66.36366390374917,-1.6430541,-49.29158,100,0.009704231,41600,2.4454536,14.667648,0.024454536,76.622314,-0.7553855,0.0040270975
1.0692286,7151.449942111969,158.79526,14990933,391.16,0.5242255,1.1460536,417,0.004701861,0.4701861,22.422806,80.62058,5.7220458e-08,[-0.085 -0.681  0.005 -0.509 -0.961],0.45334485,-65.92441590143743,-1.2822605,-38.467815,100,0.010692286,41700,4.1708007,11.578516,0.041708007,87.25596,-0.9193649,0.0052422546
0.96370107,7167.199189662933,98.42864,15033211,422.78,0.65145916,1.448447,418,0.0021814632,0.21814632,22.911232,68.63548,-5.340576e-07,[-0.079 -0.68   0.006 -0.509 -0.963],1.2143767,-63.151312656032175,-1.2954509,-38.863506,100,0.00963701,41800,4.55721,10.888136,0.0455721,69.03946,-0.3447163,0.006514591
1.0282403,7183.064577102661,142.91994,15074198,409.87,0.8484767,1.9607483,419,0.00060085143,0.060085144,16.71677,59.491535,8.010864e-07,[-0.082 -0.687  0.004 -0.514 -0.966],1.8608778,-63.97641177035935,-1.567872,-47.03618,100,0.010282402,41900,4.3842435,11.384393,0.043842435,51.000935,-0.33456278,0.008484767
1.0776122,7198.58287024498,184.88759,15114620,404.22,1.0233978,1.6381402,420,0.0010049026,0.100490265,17.945948,52.57868,6.1035155e-07,[-0.083 -0.688  0.005 -0.511 -0.964],1.3518431,-68.96248383866438,-1.5242267,-45.72681,100,0.010776121,42000,5.7906466,11.613494,0.057906464,61.044834,-0.59901273,0.010233978
1.1513997,7216.940948724747,1690.9075,15156058,414.38,3.848879,10.634639,421,0.00011684161,0.011684162,18.850698,8.214095,-2.7465821e-06,[-0.073 -0.69   0.006 -0.511 -0.971],4.4021525,-63.68270426379396,-1.2391646,-37.17486,100,0.011513996,42100,34.641273,11.993244,0.34641272,9.4032345,0.36114693,0.038488787
1.2194573,7233.923293590546,262.4753,15200645,445.87,2.271343,2.604765,422,0.0002311033,0.02311033,20.144133,22.375254,1.5068055e-06,[-0.069 -0.697  0.005 -0.507 -0.97 ],1.7246317,-64.81440307945638,-1.1423682,-34.271088,100,0.012194573,42200,19.012112,9.863071,0.19012111,38.391182,-0.119071126,0.022713428
0.941982,7252.6028735637665,79.21953,15246273,456.28,0.43008944,1.196623,423,0.0029180113,0.29180112,15.155639,82.749626,8.392334e-07,[-0.063 -0.692  0.002 -0.507 -0.974],0.36252844,-57.110760572481276,-1.4739897,-44.21972,100,0.00941982,42300,2.6434987,8.916911,0.026434986,83.56851,-1.2498738,0.004300894
3.025047,7269.460809230804,74766.734,15292857,465.84,22.979525,100.77275,424,2.8016284e-06,0.00028016284,26.053776,1.7034156,-4.5776366e-07,[-0.056 -0.692  0.002 -0.507 -0.975],27.825525,-59.648266121196706,-1.282304,-38.469097,100,0.030250462,42400,230.70871,9.068765,2.307087,0.99233174,14.953043,0.2297952
1.607406,7285.022660017014,7132.3745,15334276,414.19,6.1468105,18.06518,425,9.684376e-06,0.00096843764,23.757568,6.400655,3.0517577e-07,[-0.051 -0.681 -0.003 -0.508 -0.976],10.98265,-63.50259853055711,-1.4564463,-43.69339,100,0.01607406,42500,57.67737,12.6616745,0.57677364,5.535511,4.792293,0.0614681
1.2228905,7301.755057096481,511.00095,15374114,398.38,1.6569922,2.2778778,426,0.0008103915,0.08103915,23.175026,35.26129,-1.2207031e-06,[-0.044 -0.677 -0.01  -0.506 -0.983],2.6402512,-62.23916147416489,-1.3404197,-40.212555,100,0.012228905,42600,14.396739,12.283277,0.14396739,43.900513,0.6172056,0.016569924
1.2708169,7317.998428106308,741.7374,15414778,406.64,2.4825606,4.8040423,427,0.000114952396,0.01149524,19.407072,20.763165,1.8310546e-06,[-0.034 -0.668 -0.008 -0.503 -0.985],5.4234047,-58.74986086533539,-1.4144526,-42.433624,100,0.012708169,42700,16.997839,11.05823,0.16997838,20.815804,2.3231862,0.0248256
30.56313,7332.6558492183685,5416074.5,15451535,367.57,293.73346,2634.2046,428,7.241063e-07,7.2410636e-05,25.221653,1.0710558,1.1253356e-06,[-0.027 -0.66  -0.006 -0.504 -0.984],224.80908,-60.488389291618184,-1.3768916,-41.306786,100,0.3056313,42800,2952.9038,14.64805,29.529037,0.037962124,154.14075,2.9373348
14.506323,7346.802935361862,2736203.2,15486643,351.08,139.53256,2274.4067,429,8.897843e-08,8.897843e-06,21.898321,1.069288,-1.6784668e-06,[-0.006 -0.632 -0.005 -0.488 -1.007],161.04399,-70.77972207160322,-1.5652311,-46.956886,100,0.14506322,42900,1402.8112,14.126041,14.028111,0.043967508,86.39703,1.3953257
1.1213821,7360.947505474091,608.3225,15519750,331.07,1.6808869,2.807399,430,0.00017243765,0.017243765,25.07395,30.799292,-5.340576e-07,[-0.016 -0.63  -0.004 -0.5   -1.008],3.5950475,-63.086270946458335,-1.6198721,-48.59614,100,0.01121382,43000,12.242349,16.89485,0.122423485,35.62016,0.88090515,0.016808867
1.1195216,7375.636315345764,470.13214,15557169,374.19,1.3500744,2.63089,431,0.0003114712,0.03114712,20.178148,40.74501,-1.3732911e-06,[-0.02  -0.627 -0.007 -0.493 -1.007],2.2084746,-57.33014778893311,-1.5613868,-46.84156,100,0.011195215,43100,7.874847,13.631117,0.078748465,38.009953,-0.32409525,0.013500743
1.4549469,7390.6146693229675,2771.0352,15590500,333.31,2.837676,6.309183,432,0.00030409274,0.030409275,25.139267,20.816334,-1.3923645e-06,[-0.021 -0.629 -0.003 -0.496 -1.002],7.000636,-63.896374768789116,-1.5017333,-45.051956,100,0.014549469,43200,19.029076,17.477463,0.19029075,15.849913,3.2285728,0.028376762
1.0399826,7405.487753629684,590.928,15624300,338.0,1.3283654,2.7773907,433,0.0002391816,0.02391816,19.272701,38.001358,1.3732911e-06,[-0.012 -0.626 -0.004 -0.489 -1.009],1.9831357,-66.63371825085692,-1.3427951,-40.28389,100,0.010399826,43300,8.627518,15.3102,0.086275175,36.005016,-0.25470233,0.013283656
1.4737391,7419.051891565323,4816.4766,15657646,333.46,3.5967724,4.702628,434,3.514309e-05,0.0035143092,29.695889,14.375229,-2.1362305e-06,[-0.015 -0.622 -0.003 -0.492 -1.012],7.7270994,-61.903998102373414,-1.6363282,-49.08977,100,0.014737389,43400,30.94497,17.346518,0.30944967,21.264706,4.1786385,0.03596772
0.959113,7434.829538345337,431.3836,15694341,366.95,0.70893615,1.531831,435,0.0017085865,0.17085865,25.387194,64.6682,1.2588501e-06,[-0.026 -0.631 -0.006 -0.493 -1.008],0.92129314,-58.01302560802796,-1.7271844,-51.81555,100,0.00959113,43500,4.231931,17.424616,0.042319313,65.28135,-1.216395,0.0070893615
1.065803,7448.007220745087,579.95276,15726938,325.97,0.7069322,1.6087879,436,0.00096660934,0.096660934,35.070248,69.446945,9.918213e-07,[-0.027 -0.63  -0.005 -0.495 -1.009],1.4579253,-63.481656026546176,-1.3651278,-40.95387,100,0.01065803,43600,3.998503,18.277748,0.039985027,62.1586,-0.27357697,0.0070693213
1.135872,7462.033812522888,740.5909,15758828,318.9,1.0036435,1.6469717,437,0.0013316377,0.13316378,27.195526,56.156784,1.7166137e-06,[-0.03  -0.622 -0.008 -0.49  -1.011],1.804177,-69.30655849140392,-1.4348403,-43.045258,100,0.011358721,43700,7.2273417,18.390984,0.07227342,60.7175,-0.03721857,0.010036435
1.053488,7474.885634899139,354.32135,15790045,312.17,1.593521,1.9785498,438,0.0011126958,0.11126958,31.002579,30.41361,1.6021728e-06,[-0.023 -0.623 -0.004 -0.494 -1.007],1.6976587,-63.20444626853778,-1.47627,-44.288155,100,0.010534879,43800,13.759905,16.72269,0.13759905,50.54207,-0.3788792,0.015935209
1.762141,7484.636682271957,20465.35,15816863,268.18,7.8568006,21.285738,439,7.30661e-07,7.30661e-05,38.303936,4.7893367,-9.155273e-07,[-1.710e-02 -6.213e-01  6.342e-04 -4.919e-01 -1.010e+00],14.934678,-72.74088181194938,-1.3394003,-40.182,100,0.01762141,43900,78.47586,18.872786,0.78475857,4.6979814,8.755159,0.078568004
1.2846648,7496.344229221344,2698.1982,15845118,282.55,4.1855865,8.616771,440,4.5220302e-05,0.0045220302,27.32285,8.609322,-4.959106e-07,[-0.012 -0.625  0.01  -0.495 -1.003],7.3508945,-82.80445969088998,-1.4272163,-42.816475,100,0.012846646,44000,36.860413,18.270338,0.36860412,11.605276,3.161397,0.041855864
1.9436516,7512.049555301666,33724.89,15881759,366.41,10.804722,32.301666,441,1.9071977e-05,0.0019071978,18.39841,3.1345735,3.0517577e-07,[-0.022 -0.633  0.006 -0.493 -1.005],19.38438,-63.64843500338055,-1.5001051,-45.00316,100,0.019436514,44100,108.30815,12.315653,1.0830815,3.0958154,10.858599,0.10804722
1.079523,7527.940122842789,251.31837,15921807,400.48,0.6190877,1.3240709,442,0.0025322067,0.25322068,24.55965,75.2512,9.155273e-07,[-1.997e-02 -6.342e-01  4.306e-04 -4.866e-01 -9.974e-01],0.55563426,-52.55703276533118,-1.5820903,-47.462746,100,0.01079523,44200,3.320668,13.912577,0.03320668,75.52466,-1.2648512,0.0061908774
1.6023723,7541.233966827393,7102.452,15957163,353.56,5.8474164,15.279235,443,3.2493957e-05,0.0032493959,19.055672,6.9847836,-7.6293946e-07,[-0.021 -0.633 -0.001 -0.488 -0.998],9.134198,-62.8879831585428,-1.2361268,-37.083782,100,0.016023723,44300,56.71638,14.639191,0.5671638,6.5448303,4.3023467,0.05847416
1.0317442,7555.327112674713,185.46385,15989921,327.58,0.38615826,1.1478629,444,0.0033765489,0.3376549,23.229113,87.71289,-9.918213e-07,[-0.018 -0.629 -0.006 -0.492 -0.994],0.4104703,-68.8754903331491,-1.3386184,-40.158524,100,0.010317442,44400,3.1845648,13.256475,0.031845648,87.118416,-1.0237026,0.0038615826
0.9858418,7570.201143741608,372.3532,16023175,332.54,0.58075094,1.299613,445,0.002658456,0.26584563,22.749153,74.23747,7.6293944e-08,[-0.016 -0.623 -0.004 -0.488 -0.993],1.0077431,-60.979256335177226,-1.5306864,-45.92059,100,0.009858418,44500,4.4726586,17.2818,0.044726584,76.945984,-0.73724806,0.0058075087
4.833838,7583.213845491409,86912.22,16058990,358.15,30.269415,108.311035,446,2.3824232e-06,0.00023824233,23.2685,2.4867926,,[-0.018 -0.618 -0.003 -0.482 -0.995],38.168808,-55.94915725144301,-1.5239503,-45.718513,100,0.04833837,44600,246.06874,15.129445,2.4606874,0.92326695,22.308662,0.30269414
1.1832443,7597.2780611515045,562.0563,16094689,356.99,1.6523066,3.40189,447,0.00012113878,0.0121138785,19.271215,33.898422,-1.1062622e-06,[-0.028 -0.634  0.001 -0.488 -1.002],2.238183,-63.57207067049662,-1.3419864,-40.259552,100,0.011832442,44700,12.76957,13.391486,0.1276957,29.395424,-0.23700285,0.016523065
1.084206,7611.739638566971,260.42722,16132226,375.37,0.78773975,1.7166661,448,0.0013625427,0.13625428,17.292542,65.449814,6.1035155e-07,[-0.025 -0.634  0.003 -0.494 -1.008],1.1527237,-58.7024270537781,-1.5275804,-45.82743,100,0.01084206,44800,5.158885,13.10708,0.05158885,58.252445,-0.8487376,0.007877398
1.2241634,7625.268306493759,381.02817,16166854,346.28,1.6603097,3.166626,449,0.00034605197,0.034605198,21.724672,35.21749,3.8146973e-07,[-2.594e-02 -6.383e-01 -9.927e-04 -4.971e-01 -1.006e+00],3.5822372,-63.95715240228885,-1.4608308,-43.82493,100,0.0122416355,44900,11.226398,15.259895,0.112263985,31.579353,0.9826863,0.016603095
1.2965809,7639.7823078632355,589.6662,16202883,360.29,1.3872108,2.9152937,450,0.00032990496,0.032990497,28.592197,46.62692,-4.5776366e-07,[-0.027 -0.64   0.004 -0.498 -1.001],3.3768475,-60.39110571500403,-1.5418613,-46.255833,100,0.012965808,45000,7.102083,15.133112,0.071020834,34.30186,0.74423814,0.013872108
2.13666,7655.804044723511,18985.33,16239289,364.06,8.870035,21.406626,451,9.618611e-05,0.009618611,20.092897,5.484337,-9.155273e-07,[-3.144e-02 -6.348e-01 -5.643e-04 -4.962e-01 -1.002e+00],11.935826,-60.87627317657521,-1.5350444,-46.0513,100,0.021366598,45100,73.90942,15.024067,0.73909414,4.6714506,4.8335958,0.08870034
1.2700989,7670.184178352356,875.5428,16275343,360.54,2.119322,4.8229465,452,0.0001703031,0.01703031,22.56646,26.424843,-1.5258789e-07,[-0.03  -0.64   0.006 -0.495 -1.007],5.8083057,-65.95900070762707,-1.2898979,-38.69693,100,0.012700988,45200,17.13151,14.430023,0.17131509,20.734213,2.9755347,0.02119322
1.6985068,7685.071671247482,8112.2056,16312343,370.0,5.136231,10.511742,453,2.801496e-05,0.002801496,21.686201,9.857673,-3.8146973e-07,[-0.04  -0.626  0.012 -0.483 -1.008],9.675741,-70.7381009310851,-1.4017236,-42.05169,100,0.016985068,45300,40.749874,12.168737,0.40749872,9.513171,5.1311007,0.051362302
1.0546246,7701.569341182709,372.85962,16352133,397.9,1.1018951,2.341294,454,0.0005768319,0.057683196,27.529186,47.80906,1.9073486e-06,[-0.03  -0.626  0.009 -0.477 -1.013],2.598709,-60.87521840591957,-1.4722531,-44.16765,100,0.010546246,45400,7.0707293,12.865593,0.07070729,42.711422,0.34596944,0.011018951
20.528387,7716.206431150436,732930.75,16390537,384.04,198.25842,977.3814,455,1.9755146e-06,0.00019755146,22.220905,1.0607544,1.0681152e-06,[-0.028 -0.625  0.008 -0.482 -1.011],86.163574,-61.30298812067676,-1.4847691,-44.543106,100,0.20528387,45500,1993.1084,14.05365,19.931084,0.102314204,39.745056,1.9825841
3.6921692,7732.5186133384705,52355.95,16433134,425.97,16.935152,102.815994,456,7.937046e-07,7.937046e-05,19.061512,4.5375113,2.002716e-07,[-0.024 -0.626  0.001 -0.472 -1.011],27.91375,-53.624745434499644,-1.4018321,-42.054966,100,0.036921687,45600,149.86374,11.98211,1.4986373,0.9726113,13.699421,0.1693515
1.1685317,7747.558980464935,692.03827,16474524,413.9,1.6573833,3.2316961,457,0.00035068023,0.035068024,26.969732,33.203747,1.1825562e-06,[-0.031 -0.628  0.01  -0.474 -1.011],3.6431367,-56.917615267058565,-1.514102,-45.423096,100,0.011685316,45700,11.984109,12.84789,0.119841084,30.943502,0.9212456,0.016573831
1.1855519,7762.893368005753,531.3877,16512783,382.59,2.2132025,4.5071883,458,0.00037926075,0.037926074,20.73623,22.296604,-7.2479247e-07,[-0.027 -0.621  0.007 -0.469 -1.01 ],3.6297543,-66.21296118285868,-1.4057286,-42.17184,100,0.011855518,45800,14.867147,13.163295,0.14867148,22.18678,0.64537406,0.022132024
0.980909,7779.695597171783,118.85452,16556690,439.07,0.24965869,1.0674728,459,0.0046373666,0.46373668,22.545912,93.91619,-1.14440915e-07,[-0.033 -0.625  0.005 -0.465 -1.01 ],0.09019765,-58.202513485200235,-1.2785861,-38.35758,100,0.009809089,45900,1.8874618,10.57979,0.018874617,93.6792,-1.2308191,0.0024965869
1.3229165,7795.41431760788,382.5873,16600139,434.49,1.8989363,2.5093887,460,0.00087601464,0.08760147,19.920475,32.675247,-2.861023e-07,[-0.033 -0.624  0.006 -0.466 -1.01 ],2.7231781,-53.037504487009066,-1.2398291,-37.194855,100,0.013229164,46000,15.117993,10.942838,0.15117992,39.85034,0.75915956,0.018989362
2.7878497,7812.41478395462,44315.85,16643386,432.47,21.81377,26.361977,461,1.3500288e-05,0.0013500289,18.069334,1.6070929,1.8310546e-06,[-0.033 -0.619  0.003 -0.464 -1.019],21.333462,-59.190439994948576,-1.2877526,-38.632637,100,0.027878491,46100,219.56436,10.228048,2.1956437,3.7933424,14.721626,0.21813774
1.1826814,7831.056052684784,125.93042,16687434,440.48,1.628305,2.1022427,462,0.0008763738,0.08763738,19.073109,34.535713,3.0517577e-07,[-0.018 -0.607  0.002 -0.455 -1.016],1.5912144,-49.01860560389363,-1.2923489,-38.77047,100,0.011826813,46200,12.682132,10.54981,0.12682131,47.568245,-0.28257704,0.016283048
1.7525492,7847.179468154907,7353.674,16732140,447.06,6.8642993,13.835579,463,4.6296886e-05,0.004629689,16.445951,6.1195984,-3.0517577e-07,[-0.024 -0.611  0.002 -0.454 -1.011],6.8747063,-50.428577872128784,-1.3726343,-41.179016,100,0.017525492,46300,67.62072,11.073159,0.6762072,7.227742,1.7690287,0.06864299
1.1573821,7861.467526674271,130.79054,16772862,407.22,0.8589183,1.3884217,464,0.0022591208,0.22591208,23.688652,64.48515,-1.7166137e-06,[-0.022 -0.609 -0.003 -0.458 -1.001],0.7402035,-59.84608384150221,-1.2685308,-38.05587,100,0.01157382,46400,5.227972,9.554792,0.05227972,72.02423,-0.7545208,0.008589182
1.2200314,7875.82817363739,513.22986,16812932,400.7,1.875464,3.4360688,465,0.00016518167,0.016518168,21.509878,29.73479,2.3651123e-06,[-0.018 -0.605 -0.002 -0.459 -0.999],3.6104329,-57.75651510749816,-1.567675,-47.03031,100,0.012200316,46500,9.944209,12.175108,0.09944209,29.103025,0.70448685,0.018754637
2.1521716,7891.065623283386,22501.016,16851428,384.96,12.4572735,33.705235,466,2.5652234e-05,0.0025652235,22.38882,2.8982434,1.6403199e-06,[-0.002 -0.602 -0.002 -0.457 -1.001],18.753452,-57.9051733415479,-1.4981145,-44.94348,100,0.021521721,46600,123.891304,14.148402,1.238913,2.9668982,10.055958,0.12457274
1.0081956,7905.703065633774,268.57425,16892881,414.53,1.1365727,2.4370797,467,0.0005673718,0.056737177,22.59551,44.035774,-4.5776366e-07,[-0.016 -0.606  0.003 -0.457 -1.006],1.3993124,-60.50584333273214,-1.0991337,-32.974003,100,0.010081956,46700,7.4961977,10.900601,0.074961975,41.03272,-0.3165611,0.011365727
